1 555 986
1 388 801
3 743 7431 221 398
1 717 751
1 673 846
1 830 310
1 528 445
1 214 618
1 381 423
3 121 1211 13 993
1 628 647
3 832 8321 351 956
3 529 5291 811 439
1 437 295
3 230 2301 991 463
1 310 601
1 494 539
3 775 7751 56 21
1 872 642
3 221 2211 860 380
1 944 520
1 993 936
1 282 691
1 12 223
1 75 798
1 815 575
1 716 609
1 849 356
1 422 697
1 228 957
1 114 813
1 455 342
1 864 138
1 904 193
3 389 3891 942 40
1 15 289
1 842 160
1 637 981
1 313 280
1 547 812
1 239 406
1 851 126
1 477 907
1 614 577
1 341 126
1 801 253
1 266 468
1 108 207
1 615 666
1 506 474
1 279 798
1 61 739
1 911 240
1 495 458
1 490 731
1 844 884
1 202 919
1 973 978
1 669 637
1 376 815
3 419 4193 104 1041 267 343
1 889 502
1 701 328
1 758 631
1 4 363
1 185 822
1 739 263
1 722 886
1 74 37
1 738 164
1 205 144
1 378 714
1 69 254
1 813 778
3 461 4611 746 374
1 241 607
1 602 428
1 577 704
1 972 517
3 121 1213 598 5981 799 458
3 789 7891 335 751
1 460 632
1 503 473
1 824 980
1 217 213
1 931 783
3 216 2161 329 704
1 208 433
1 137 299
1 436 528
1 581 282
1 161 752
1 212 205
1 111 496
1 841 262
1 457 472
1 410 328
1 180 902
1 535 930
1 224 597
1 572 960
1 999 868
1 937 333
1 249 691
1 278 954
1 432 694
1 193 452
2 214
1 786 58
2 495
1 677 343
1 80 275
1 473 159
1 71 893
3 980 9803 943 9431 690 878
2 205
1 977 465
1 347 508
1 269 190
1 399 819
3 292 2921 905 930
2 577
1 87 905
1 838 328
1 608 652
3 396 3963 695 6951 513 867
1 745 890
1 496 940
1 273 632
1 16 930
1 248 3
1 540 766
2 310
1 27 961
1 524 1
1 687 639
1 940 248
1 605 419
3 236 2361 372 369
1 551 710
3 95 953 538 5382 677
1 892 963
1 630 802
2 572
2 999
1 283 758
1 882 249
1 48 556
1 338 384
1 350 785
3 716 7161 65 605
1 377 406
1 93 912
1 928 876
1 575 473
1 802 472
1 723 516
1 936 755
1 862 998
2 535
1 622 82
2 193
1 356 61
1 714 522
1 223 844
1 134 650
2 524
1 567 820
1 930 765
1 110 649
1 32 518
2 739
1 710 297
1 798 636
1 126 92
1 179 710
1 533 919
1 688 424
1 577 679
2 114
2 65
3 975 9751 522 630
1 158 308
1 682 937
1 951 253
1 579 460
3 305 3051 782 753
2 802
1 597 885
3 871 8711 293 993
1 820 558
3 734 7341 142 51
1 253 938
3 314 3141 535 799
1 527 140
1 994 437
1 959 662
1 485 242
1 363 79
1 141 587
3 842 8421 613 252
1 191 598
2 341
3 55 553 227 2271 541 183
2 279
1 328 833
1 7 75
1 94 31
1 766 585
3 779 7791 369 96
3 164 1641 569 291
2 12
3 2 21 867 777
1 196 241
1 976 952
1 888 752
1 774 134
1 855 581
1 919 602
1 150 619
1 740 302
1 198 630
1 486 167
1 751 226
1 935 247
1 336 687
1 247 543
1 431 104
2 329
3 487 4871 117 599
1 691 48
1 92 502
1 785 435
2 388
1 765 307
1 755 148
1 472 966
1 739 294
2 221
1 886 49
1 773 43
2 824
2 363
3 98 981 511 337
1 502 722
1 960 348
1 845 980
2 217
1 366 283
3 716 7162 92
1 507 294
1 649 23
1 517 6
1 383 548
1 354 835
1 958 993
3 111 1111 947 651
3 830 8301 943 825
2 513
1 874 43
1 130 92
1 411 758
1 776 788
1 981 374
1 920 338
1 520 427
1 747 667
1 219 129
1 408 936
1 297 785
2 282
1 604 232
1 326 480
1 287 10
1 35 267
1 806 824
1 487 438
2 637
2 842
1 148 442
1 962 58
1 406 788
1 969 882
2 739
1 310 629
1 167 445
3 750 7501 260 813
1 57 769
1 3 718
1 279 232
2 269
2 630
1 800 364
1 809 693
1 790 776
1 846 379
3 344 3441 174 960
3 307 161 360 741
1 282 861
1 244 481
2 830
1 781 792
3 545 5452 126
1 921 592
1 342 722
1 292 963
1 307 606
1 129 42
1 656 31
2 911
3 484 4841 305 128
1 866 557
1 556 480
1 259 44
1 138 61
1 990 410
1 371 140
1 476 580
1 11 967
1 430 425
1 159 568
3 111 1113 335 3352 800
2 432
1 21 336
1 986 334
1 334 477
3 715 7152 994
1 246 856
2 410
1 822 469
1 17 939
1 881 404
1 444 930
1 891 241
1 272 475
1 635 55
1 915 818
3 300 3001 480 33
1 78 255
1 863 621
2 150
3 466 4662 766
3 688 6881 359 654
2 691
1 916 23
1 530 138
2 336
3 673 6731 349 621
1 232 194
3 101 1013 740 7403 166 1661 475 412
2 3
1 924 936
3 590 5903 264 2641 887 871
1 469 487
1 107 217
3 553 5533 859 8591 639 579
1 793 57
1 131 135
2 273
3 46 461 835 752
1 314 679
2 928
1 147 133
1 170 232
1 373 985
1 609 55
3 393 3931 963 889
1 280 825
3 290 2902 137
1 770 167
1 901 863
1 346 627
3 399 3991 780 657
1 124 859
3 276 2761 637 744
1 871 433
1 691 958
3 290 2901 630 236
3 76 761 632 167
2 56
1 668 747
3 696 6961 752 537
1 427 346
1 22 306
1 859 758
3 112 1122 751
1 209 942
1 105 906
1 79 546
1 744 593
3 608 6522 472
1 139 691
1 6 665
1 826 717
2 196
1 848 331
1 153 252
2 334
3 395 3951 137 883
3 975 9751 42 246
1 236 162
1 289 549
1 419 340
1 162 105
1 607 253
2 107
1 537 128
1 560 606
1 856 390
1 65 906
1 92 933
2 522
3 79 791 394 388
3 4 43 920 3382 632
1 400 721
1 516 420
1 386 65
1 840 58
1 135 710
1 554 247
1 81 634
3 565 5651 707 242
1 243 71
1 704 757
1 565 539
1 724 727
1 952 178
3 759 7593 774 7741 751 850
1 465 463
1 543 263
1 468 24
1 833 428
1 742 15
1 463 774
3 430 4301 240 512
1 116 398
1 362 482
2 863
1 407 327
2 649
2 75
1 37 563
1 379 265
1 878 961
1 470 457
1 445 852
1 721 122
1 424 315
1 825 711
1 501 23
1 771 476
1 792 983
1 795 267
1 617 488
1 877 870
1 438 599
1 914 628
1 492 968
2 781
1 340 350
3 192 1922 714
1 433 694
1 753 429
1 323 869
1 312 511
1 998 444
2 208
1 654 974
1 750 195
1 548 420
1 652 285
1 251 186
3 510 5103 793 7692 944
3 915 9151 599 490
1 46 858
1 647 966
1 58 51
1 561 367
1 491 514
1 414 800
1 566 134
1 254 983
1 390 638
1 44 395
1 980 584
1 308 761
2 16
2 506
3 532 5321 606 984
1 903 381
1 595 680
1 442 893
1 685 461
1 226 29
1 850 843
3 153 1533 158 1581 759 914
1 568 906
1 869 639
2 771
1 741 131
1 711 834
1 522 571
3 822 1851 190 849
1 115 602
1 996 454
1 843 427
1 852 6
1 661 215
1 435 513
2 548
3 323 3231 291 543
3 848 8482 746
1 489 569
1 126 88
3 352 3521 316 285
1 584 294
1 971 571
1 957 766
1 665 911
1 428 91
1 766 54
1 627 452
1 521 964
1 262 705
1 714 754
1 552 638
1 818 675
1 967 276
1 513 249
1 906 893
1 49 874
1 934 757
1 893 326
1 911 757
1 309 953
2 312
1 632 435
3 588 5882 414
1 693 797
3 892 8922 566
2 825
1 40 863
1 140 99
1 299 859
1 315 811
3 729 7291 544 602
1 863 109
1 88 880
1 1 468
2 935
1 3 701
1 96 904
1 518 369
1 817 165
1 265 332
2 475
1 694 596
1 731 988
1 550 94
1 45 627
3 972 9723 582 5821 33 233
3 891 8911 987 316
1 576 218
3 840 8401 50 665
1 461 159
1 230 589
1 695 499
3 924 9243 83 831 452 50
2 998
3 937 9371 757 293
1 99 463
1 263 77
1 51 146
3 408 4083 866 8661 984 386
2 33
3 252 2521 720 586
1 331 863
1 33 446
2 630
1 462 800
1 870 595
1 448 992
1 188 851
1 603 849
1 446 909
1 880 617
2 507
1 909 320
3 244 2442 292
1 861 191
1 91 686
1 950 312
3 497 4971 557 575
3 520 5203 223 2233 772 7723 717 7513 325 3252 782
1 598 921
1 475 98
1 320 27
1 218 696
1 495 683
1 264 855
1 739 634
1 961 166
3 141 1411 211 731
1 504 513
2 976
3 80 801 998 86
1 168 660
1 968 630
1 788 367
1 166 507
2 3
1 689 301
3 330 3301 588 863
1 348 230
1 54 165
1 507 512
1 242 58
2 740
2 328
1 456 860
1 512 812
2 50
3 373 3731 558 849
1 939 524
3 44 3951 186 758
2 867
2 419
2 166
1 592 464
3 207 2071 194 20
1 195 719
1 43 20
1 868 309
1 31 361
3 430 4301 166 290
3 514 4911 295 793
1 290 975
1 935 641
1 683 535
1 182 479
3 243 652 372
1 894 610
1 634 475
1 678 417
1 449 769
2 776
2 40
1 532 942
1 932 157
1 498 334
1 686 908
1 40 917
1 975 660
2 280
3 52 521 82 510
1 679 676
2 934
1 122 565
1 319 166
1 660 567
1 563 736
2 567
1 20 503
2 259
1 1000 306
3 15 151 705 327
1 393 42
2 530
1 156 940
1 412 472
1 684 87
1 439 927
2 766
1 567 10
1 10 496
1 667 930
1 3 746
1 367 454
1 908 827
1 372 540
1 746 700
1 146 723
1 938 447
1 103 331
1 548 665
1 945 41
1 499 612
1 629 524
3 813 8133 71 711 429 156
1 337 889
1 985 332
1 539 616
1 934 722
1 546 946
2 33
2 678
1 464 480
1 797 555
1 749 182
1 374 863
1 128 26
1 700 403
1 328 55
1 883 85
1 497 735
1 988 196
1 825 459
1 336 602
2 755
1 5 435
1 334 276
1 955 783
1 85 334
1 125 546
1 109 451
1 33 383
3 948 9482 844
1 802 462
1 488 156
1 50 861
2 487
3 622 6221 844 896
3 988 4901 827 14
3 360 1311 680 986
3 185 1851 807 128
1 75 546
1 420 519
1 123 455
2 684
2 393
1 755 846
1 332 847
1 454 806
1 294 451
2 518
1 417 638
1 276 249
3 118 1181 403 258
1 994 100
3 967 9671 519 835
2 668
1 514 535
1 847 978
1 978 599
1 196 563
1 365 263
1 144 102
1 53 177
1 912 682
1 674 203
3 135 3601 966 782
2 554
1 657 330
2 109
2 555
1 631 578
1 199 992
1 447 628
3 130 9331 766 155
2 844
1 14 58
1 621 455
1 155 528
2 469
2 377
3 910 9103 802 8021 8 666
1 149 737
1 736 576
1 258 754
1 187 570
3 210 2101 696 489
2 930
1 77 834
1 382 495
1 133 259
1 193 9
1 98 86
1 529 286
1 831 56
2 742
1 589 374
1 754 275
1 612 197
1 213 474
1 318 182
2 891
3 179 1791 41 930
1 834 625
1 625 643
1 772 864
1 596 139
1 585 845
1 549 212
1 459 239
1 525 631
3 45 2821 275 893
1 643 197
2 975
1 197 483
1 259 344
1 451 710
1 730 648
1 954 585
1 538 394
1 483 1000
1 989 113
1 616 811
1 306 930
1 389 225
1 930 982
1 270 108
1 106 127
1 274 241
1 409 839
2 835
1 782 968
1 524 70
1 824 61
1 86 308
1 800 831
1 982 841
3 798 7981 345 244
1 327 304
2 770
1 304 467
1 771 741
1 725 521
1 280 109
1 810 221
1 109 131
1 858 81
2 882
1 633 876
1 472 896
1 467 241
1 835 350
2 448
1 630 15
1 875 824
1 333 844
1 205 553
1 885 560
1 553 314
2 696
2 730
1 761 716
1 713 182
1 696 469
1 380 410
1 469 666
1 636 736
1 666 999
1 623 642
1 946 602
2 335
3 934 9341 999 416
1 530 372
1 269 117
1 638 686
1 216 49
1 767 316
1 416 941
1 941 593
2 592
1 944 133
1 154 561
1 593 789
1 395 668
1 640 300
1 423 246
1 410 373
1 59 905
1 441 210
1 201 837
1 676 38
1 927 381
2 883
1 760 833
3 261 2611 896 975
1 650 443
2 999
1 38 742
1 453 100
1 999 810
1 221 257
1 257 878
1 948 153
3 200 2002 400
1 252 761
1 578 317
1 975 859
1 769 995
3 419 6051 857 439
2 513
2 470
1 84 739
1 776 562
1 288 539
1 343 767
3 763 7631 670 274
1 222 448
1 719 265
2 598
3 337 7541 675 368
1 317 66
1 742 464
1 891 217
3 624 6241 997 861
2 896
3 779 7791 66 573
3 211 2111 573 109
1 339 958
1 513 40
1 917 738
1 24 938
2 230
1 918 17
2 88
2 262
3 336 5392 639
1 995 220
1 619 605
1 220 639
1 598 180
2 122
1 592 214
2 795
1 55 545
3 838 8381 88 264
3 347 3471 183 682
3 111 1113 222 4483 279 3371 164 484
3 950 9501 651 295
1 484 929
2 963
2 356
1 639 202
1 234 756
1 929 364
1 902 676
2 950
1 364 571
3 243 2432 918
1 571 239
3 413 4131 545 661
1 296 62
1 542 470
1 215 90
1 479 343
1 90 896
1 896 749
1 763 399
1 285 217
1 217 134
2 524
2 634
1 634 821
3 46 463 601 6012 998
1 789 315
3 605 6051 821 351
1 956 177
1 19 57
1 262 912
2 314
2 741
1 177 28
1 28 250
3 826 8431 443 110
1 837 966
3 387 3871 882 169
2 445
1 649 922
1 922 109
1 493 274
1 250 171
1 171 524
1 341 466
1 844 57
1 524 684
2 128
1 434 961
1 363 413
2 619
1 271 435
1 128 595
1 684 213
1 474 868
2 362
1 953 94
1 998 261
2 167
3 622 822 696
1 298 515
2 941
1 933 788
2 360
1 361 132
1 696 83
2 749
2 694
3 944 9441 145 422
1 812 168
1 368 599
1 225 611
1 132 118
1 458 345
1 398 683
1 118 49
1 357 385
1 836 716
1 83 759
1 314 976
1 694 698
1 610 425
2 736
1 736 497
1 100 293
1 890 709
1 18 179
1 737 617
1 735 791
2 793
1 791 12
1 698 697
2 423
2 243
3 745 7091 356 441
1 12 274
1 709 871
1 749 830
1 976 554
1 554 784
1 344 464
1 784 659
2 849
2 670
1 659 698
3 495 7993 336 211 697 620
1 620 227
1 227 32
1 518 382
1 325 454
1 481 923
3 600 6001 178 175
1 923 2
1 268 686
1 163 220
3 913 9131 2 813
3 829 8293 247 2471 778 256
1 256 153
1 423 945
1 830 119
1 72 190
1 396 904
1 793 625
2 54
3 798 7981 165 897
1 277 639
2 943
2 336
1 883 869
1 36 810
1 119 68
3 254 691 68 302
3 88 8551 173 998
1 302 360
1 360 842
3 251 2511 842 831
1 56 580
1 580 692
1 743 68
1 692 233
1 233 960
1 230 338
2 896
1 896 876
3 593 6691 876 413
1 413 102
1 102 805
1 384 13
3 69 7921 828 350
1 805 243
2 652
3 971 8351 9 808
1 963 336
3 200 2001 243 425
1 425 47
2 614
1 555 889
2 631
1 47 776
2 492
1 402 268
2 738
1 738 72
1 849 969
1 839 66
3 750 7501 562 262
1 203 880
1 169 143
1 393 969
1 143 104
1 104 690
1 631 703
1 703 165
1 897 508
1 508 353
1 353 865
1 865 787
1 787 89
1 204 733
1 89 528
3 817 8171 582 305
3 419 6051 311 651
1 706 932
1 445 358
2 507
2 998
1 358 356
1 210 600
3 511 5112 148
1 600 25
1 25 39
1 619 660
3 234 2343 106 1273 547 8212 597
3 137 1371 591 136
1 39 301
1 301 404
1 950 405
1 404 622
1 510 120
2 968
1 968 173
1 998 494
3 18 183 621 7761 120 734
1 734 231
3 63 631 231 29
3 323 3232 765
1 29 416
1 941 718
1 566 400
2 625
3 831 4762 860
1 718 73
1 73 566
1 611 839
2 81
1 400 935
2 687
1 641 509
1 509 989
1 387 52
1 964 844
1 113 341
2 337
1 466 362
1 507 514
2 213
1 362 107
1 107 726
1 726 644
1 644 477
3 278 2783 538 5381 907 487
3 752 7521 487 322
2 942
2 532
1 388 526
2 746
1 642 927
1 322 295
1 625 913
1 913 160
1 765 407
1 160 181
1 448 291
3 886 2791 181 396
1 808 175
2 689
1 689 727
1 175 484
2 481
1 213 491
1 481 478
1 478 531
1 531 732
1 732 681
1 681 418
1 176 276
1 418 699
1 70 791
1 699 712
1 712 26
1 26 234
3 706 1571 756 678
2 579
1 678 762
1 733 797
1 762 429
1 746 720
2 73
1 586 371
1 392 313
3 656 941 73 405
1 405 640
2 61
1 61 54
3 271 2711 54 697
1 300 237
1 237 832
1 832 592
1 214 775
2 28
1 330 490
1 775 884
1 884 653
1 653 321
2 382
1 382 936
1 321 401
3 853 8532 905
2 619
1 401 506
3 752 8882 737
1 506 471
1 471 385
1 385 654
1 974 395
1 668 970
2 18
3 427 451 970 619
1 619 172
1 172 605
1 419 662
2 494
1 494 14
2 970
1 970 199
3 97 973 566 9351 646 73
3 578 5781 992 803
3 304 7052 826
2 539
1 803 486
1 597 910
1 167 415
2 331
1 583 376
1 415 594
3 559 5591 594 853
1 539 351
1 853 708
1 708 737
1 352 558
1 737 848
1 331 910
2 637
1 564 948
1 662 527
2 265
1 265 622
3 8 81 910 689
1 62 773
2 800
1 727 456
1 860 572
2 271
1 572 918
1 918 312
1 312 505
1 505 526
1 526 150
1 150 523
1 523 854
1 854 60
1 60 670
1 670 511
1 337 324
2 138
1 324 207
2 994
1 207 658
1 658 608
1 652 391
1 391 655
1 377 844
2 424
1 655 823
1 823 955
2 248
2 126
3 878 911 783 794
2 485
1 618 447
1 794 111
3 818 9153 88 221 579 845
2 3
1 248 702
1 702 18
1 587 995
3 836 1531 18 34
1 34 16
3 296 621 355 641
1 16 899
3 263 3651 899 255
1 255 892
3 836 8362 834
3 277 901 336 261
1 261 771
1 741 192
1 834 587
3 115 3281 192 821
3 945 4231 28 148
1 559 626
3 958 1762 750
3 311 3111 148 802
1 800 87
1 905 440
1 440 335
1 335 397
1 397 750
1 750 426
1 426 97
2 423
1 624 350
1 97 819
2 78
2 406
3 219 2191 819 590
1 424 666
1 590 864
1 138 151
2 699
3 560 8851 151 729
1 699 9
2 732
1 729 466
1 406 515
1 515 106
1 127 601
1 601 648
1 648 616
2 734
1 423 5
3 950 292 403
1 734 928
2 577
2 673
2 174
1 928 559
1 626 470
3 990 4933 617 2031 470 500
2 771
1 500 136
2 594
1 136 168
3 304 552 377
1 771 970
2 45
3 116 2503 398 1161 594 577
2 85
3 872 8723 490 2531 64 722
3 102 3083 223 983 196 5992 466
2 21
1 577 989
2 872
1 421 500
3 776 2153 470 9101 466 795
3 780 4382 607
1 732 289
3 371 5863 612 4993 263 2913 69 2543 706 7062 537
1 795 607
2 489
1 607 284
2 586
1 284 826
3 99 9293 278 2783 829 8293 623 6423 218 6472 191
1 826 76
2 327
3 485 4851 76 174
2 820
3 170 8443 133 6791 174 751
3 816 8163 320 9622 113
1 113 895
2 143
2 217
3 276 6221 489 886
1 143 336
3 675 9152 486
3 290 6152 202
1 486 879
2 442
1 879 945
3 624 6241 202 273
2 960
1 273 490
2 683
1 191 721
2 359
1 122 614
3 185 1853 678 7122 146
1 614 468
3 713 7133 461 6853 634 8003 370 3703 392 3923 539 2882 744
3 133 1471 146 482
3 378 3782 20
1 327 150
3 854 7273 85 852 97
1 482 45
2 729
1 45 779
2 18
1 672 739
3 638 2193 34 342 170
2 325
1 779 866
1 20 8
2 309
1 18 161
3 549 6972 720
1 537 509
2 169
2 785
1 536 209
1 895 206
3 378 2583 323 3232 705
1 206 960
2 373
3 467 291 169 735
3 318 3183 191 3063 471 162 799
2 487
1 97 472
1 960 410
2 158
2 104
2 489
1 373 898
1 898 140
1 487 168
2 39
1 785 656
3 634 2743 957 2282 344
1 375 257
2 572
1 39 942
3 978 5753 807 8072 978
1 799 412
2 649
1 649 909
3 416 3003 801 2532 27
1 27 209
2 475
2 982
1 942 663
3 551 5511 663 46
2 387
3 291 3281 67 155
3 329 3293 327 5262 328
1 81 370
2 765
1 572 366
3 303 3032 47
2 102
1 370 483
1 982 872
2 129
1 872 102
3 538 1082 859
1 102 961
3 153 9233 244 4582 246
3 458 7323 158 1581 873 550
3 732 1902 563
2 501
1 859 403
1 217 624
3 17 2502 247
1 403 104
2 600
1 104 731
2 336
1 563 729
3 620 7452 800
1 729 677
2 920
3 535 171 677 748
2 747
1 748 838
2 866
1 112 553
2 116
1 328 572
3 619 6193 830 1192 417
1 866 182
2 876
1 600 260
2 254
2 88
1 126 994
1 876 744
3 225 2252 358
2 75
3 450 4502 604
3 531 2121 358 286
3 36 6111 286 101
1 101 309
2 614
2 11
1 309 798
1 614 215
2 616
1 744 271
2 762
1 271 462
2 847
1 800 425
3 538 5383 887 8713 263 192 545
1 47 925
2 351
1 925 459
2 746
1 545 883
3 341 3413 777 7772 752
1 616 821
2 409
1 351 851
3 289 3052 493
1 752 683
2 929
1 994 176
3 167 5772 695
1 683 229
2 226
1 229 756
3 479 5663 646 2312 36
1 762 492
3 252 5883 997 9973 430 4302 659
2 869
1 492 289
1 659 78
3 261 2612 361
1 78 673
3 364 3642 67
1 361 408
2 434
3 353 3641 673 437
2 34
1 869 432
3 978 9783 232 1943 211 2112 488
2 856
2 621
2 302
1 929 488
3 34 342 248
3 885 8852 177
3 801 8011 248 600
1 432 75
1 75 23
1 23 681
1 488 170
3 183 8342 798
1 170 730
2 703
1 88 857
2 51
1 730 355
2 186
2 840
1 703 254
1 254 760
2 443
1 51 439
2 92
1 443 121
2 374
3 301 3011 121 669
2 480
1 637 67
2 609
1 609 302
2 517
1 798 99
2 959
1 302 228
2 482
1 67 959
2 378
1 493 769
3 2 22 654
1 959 344
2 50
2 87
1 344 452
1 200 441
3 780 8222 187
2 536
1 50 377
3 321 6531 377 965
2 462
1 965 506
2 809
1 654 532
3 98 983 498 4982 876
3 475 4752 287
1 532 885
1 480 963
3 33 332 194
2 79
1 336 374
1 374 264
3 713 452 135
3 576 2182 344
1 344 837
1 814 880
2 318
1 876 42
2 113
1 246 621
2 64
1 621 488
2 340
1 475 411
3 718 8582 423
1 423 11
2 1
1 11 79
3 700 7003 735 2842 206
1 113 102
3 691 2783 298 2982 967
2 872
3 569 1413 818 9151 79 663
3 346 4551 872 157
2 260
3 683 4781 260 927
2 617
1 157 740
3 4 43 194 1942 12
1 740 146
3 764 7642 50
1 482 109
3 339 3393 530 3723 410 1193 925 1062 484
1 135 194
3 574 5742 231
1 194 303
2 355
1 303 491
2 440
2 48
1 355 23
3 552 5521 484 281
2 703
1 703 474
2 824
2 248
2 401
