1 812 604
1 721 135
3 537 5371 349 567
3 470 4703 979 9791 70 707
1 487 418
1 971 755
1 23 584
1 14 448
1 566 540
1 89 450
1 300 910
1 749 107
1 155 240
1 687 245
3 70 701 570 932
1 958 510
1 624 452
1 346 932
1 412 772
1 755 70
1 482 917
1 268 639
1 42 340
1 567 602
1 508 819
1 336 946
1 573 873
3 288 2881 656 511
1 25 251
1 40 469
1 653 811
3 898 8981 843 710
1 523 452
1 886 845
1 186 314
1 628 671
1 114 85
1 181 522
1 115 950
1 544 413
1 550 997
1 318 96
1 604 13
1 33 566
1 718 20
1 158 419
1 900 335
1 338 222
1 260 571
1 646 675
1 104 66
1 8 707
1 817 6
1 734 350
3 802 8021 399 488
1 389 475
1 471 180
1 863 748
1 102 376
3 133 1331 556 783
1 294 266
3 422 4223 482 9171 587 569
1 128 798
1 678 235
1 81 112
3 879 8791 707 836
1 465 140
1 118 62
3 318 3181 63 953
1 795 764
1 348 88
3 127 1271 380 377
1 607 180
1 710 543
1 227 132
1 196 966
1 965 21
3 658 6581 18 963
1 603 707
1 882 707
1 938 269
1 584 762
1 112 328
1 182 237
1 692 178
1 622 766
3 118 1181 222 566
3 490 4901 53 788
3 128 1281 655 622
1 321 364
3 496 4961 251 394
1 304 437
1 524 436
1 146 195
1 246 797
3 3 31 892 532
1 276 970
1 216 130
1 665 993
3 980 9801 449 33
2 104
1 808 289
1 783 39
1 105 457
1 771 192
1 781 776
1 478 356
1 303 502
1 500 236
1 809 498
1 568 605
2 338
1 854 758
1 638 276
1 551 842
1 902 147
1 816 512
2 523
3 598 5981 138 123
1 759 964
2 18
1 703 397
1 409 563
1 742 475
1 418 935
2 607
1 188 934
2 138
1 13 261
1 397 228
1 368 304
2 550
1 302 714
1 972 714
1 903 712
1 481 652
1 895 258
1 633 711
1 57 372
2 863
1 726 637
1 542 573
1 753 519
1 183 131
2 481
1 647 217
1 87 289
1 873 364
1 969 254
1 239 250
3 334 3341 580 459
3 159 1591 475 563
3 880 8801 859 365
3 881 8811 996 499
3 971 9713 674 6741 501 344
1 142 862
3 737 7371 382 315
3 523 5231 379 170
1 602 338
1 511 833
1 326 376
1 441 151
1 135 880
1 385 354
1 536 833
1 776 847
1 488 337
1 479 397
1 883 379
1 291 248
1 748 22
1 630 756
1 552 674
1 988 753
1 946 955
1 437 899
3 203 2032 478
1 240 583
1 447 428
2 656
2 542
2 25
3 552 5523 497 4973 133 1331 231 121
1 366 795
1 19 752
1 461 255
1 991 395
1 37 789
1 835 14
1 545 642
3 860 8601 581 135
3 263 2631 549 144
1 798 269
1 432 875
1 968 52
3 664 6642 552
1 275 657
1 395 47
1 660 880
1 950 573
1 999 280
1 661 289
1 353 199
1 657 81
1 179 364
1 164 418
1 850 443
1 731 969
1 413 480
1 861 40
1 540 533
1 156 588
3 660 6602 461
1 442 902
1 254 398
1 598 988
1 362 883
1 21 125
2 556
1 211 467
2 892
1 364 519
1 985 490
1 577 300
1 533 717
2 886
1 91 575
1 454 878
1 498 176
1 764 82
1 261 245
1 445 968
1 961 357
2 389
1 448 776
3 44 441 250 93
1 811 133
3 520 5202 753
1 953 99
1 342 679
3 213 2131 285 189
1 86 644
2 882
1 635 181
1 61 5
1 750 182
1 526 865
2 603
1 542 469
1 277 431
1 478 419
1 238 806
1 137 599
1 419 331
1 337 259
2 19
1 888 594
2 53
1 947 853
2 158
1 642 492
2 418
1 289 772
2 731
1 765 938
2 285
1 525 729
1 234 120
1 528 681
3 809 8091 288 620
1 754 19
1 381 388
1 797 364
3 547 5471 878 807
1 360 675
1 130 681
1 258 505
1 354 538
1 365 747
1 221 190
1 758 635
2 379
2 57
1 386 749
1 499 351
1 799 230
1 35 21
1 66 641
2 835
1 392 353
1 170 500
1 394 954
1 493 385
3 875 4321 77 638
1 671 55
1 480 786
1 57 139
2 63
1 283 409
2 303
1 712 138
1 297 812
2 142
1 308 470
1 731 842
1 372 689
1 979 432
1 951 896
2 337
1 107 906
1 470 736
1 948 883
3 197 1971 109 39
1 376 374
3 637 7261 271 511
1 556 675
1 407 224
3 421 4211 265 619
1 860 959
1 358 394
1 280 540
1 519 357
1 377 507
1 695 34
3 525 5251 444 266
1 940 113
1 876 676
1 451 8
1 766 466
1 53 358
3 215 2151 552 996
1 849 472
1 47 948
1 685 316
1 679 270
1 99 533
2 749
1 986 82
1 7 358
1 820 134
1 106 864
1 466 241
1 982 825
1 55 246
3 968 4451 65 485
1 301 890
1 51 868
1 192 203
1 682 405
2 216
1 612 631
1 41 34
1 269 875
2 465
1 747 495
3 83 831 913 153
1 338 354
1 823 762
1 29 664
2 475
1 436 868
3 342 3422 524
1 855 179
3 40 8613 288 2881 284 47
1 696 580
1 927 538
2 598
1 515 169
1 880 417
1 322 620
1 204 509
1 717 911
2 449
3 693 6932 42
1 20 211
1 714 565
1 1 197
1 538 778
1 907 422
3 834 8341 263 631
1 578 98
1 921 535
1 430 839
2 364
1 328 904
1 267 217
1 836 187
1 42 819
1 749 765
1 206 459
1 801 754
1 387 271
1 733 580
3 614 6141 125 709
1 422 36
1 388 921
1 361 32
2 91
1 689 647
1 90 767
1 60 600
1 658 274
1 309 529
1 485 661
1 364 57
3 795 7951 904 257
1 713 906
3 951 9511 596 281
1 875 229
2 860
3 576 5761 911 864
2 377
2 630
1 561 126
1 45 385
1 931 705
2 14
2 958
1 241 184
2 251
1 970 92
1 396 584
3 703 7033 461 4613 199 1991 452 482
1 954 18
1 6 915
1 320 617
1 539 888
1 753 716
1 139 408
1 930 289
1 893 409
1 769 748
1 351 805
1 374 963
1 315 986
1 357 687
1 554 664
1 492 595
2 211
2 710
2 392
1 818 76
1 548 41
1 197 67
1 608 547
1 592 891
1 922 333
1 162 633
1 710 391
1 814 29
3 675 5561 865 602
1 829 168
1 631 98
1 763 875
1 780 331
3 387 3871 941 386
3 265 2652 903
1 158 126
1 459 296
1 31 304
1 543 445
1 841 1
1 688 727
3 576 5763 958 9581 438 269
3 561 5611 104 959
2 841
1 316 647
1 868 43
1 778 617
2 361
1 897 958
1 278 881
1 245 161
3 170 1702 164
1 709 234
1 408 509
1 379 689
2 938
1 337 640
3 187 4511 237 707
1 522 663
1 303 262
2 642
1 989 838
2 480
1 120 365
1 605 634
1 119 676
3 749 7491 967 398
1 187 622
3 143 1432 545
1 509 329
1 219 94
1 700 481
2 396
1 821 332
3 451 4511 864 824
1 215 770
1 398 497
1 559 523
2 500
2 661
1 958 947
1 932 831
3 342 6791 656 245
1 172 553
1 251 987
1 389 155
1 424 682
1 914 183
1 993 450
1 737 487
1 198 418
3 660 6601 740 839
1 987 13
3 225 2251 767 886
1 805 898
1 92 306
1 195 915
1 586 665
1 484 756
1 802 103
3 278 2781 345 791
1 842 993
2 987
1 43 144
1 344 465
1 537 692
1 176 762
1 720 630
3 283 2831 175 603
1 149 496
1 830 343
2 950
1 699 282
1 217 695
1 860 807
2 204
1 296 815
2 258
1 306 603
1 772 764
2 241
1 64 522
1 428 551
1 898 25
1 28 563
3 66 663 90 901 609 322
1 22 240
3 193 1932 710
1 403 63
1 807 656
1 330 721
2 29
1 594 151
1 974 1000
1 835 730
2 548
1 603 498
1 806 164
1 36 878
1 371 704
2 922
1 270 567
2 89
1 616 944
1 512 561
1 62 239
1 494 725
1 331 464
2 556
1 891 442
1 133 384
1 241 143
2 130
3 895 2582 859
1 121 914
2 953
1 49 815
2 566
1 143 221
1 523 666
1 48 184
2 932
1 760 929
1 211 668
1 209 533
1 654 187
1 724 817
2 717
1 565 522
3 109 1091 317 668
3 60 601 597 859
1 535 461
1 144 25
1 617 767
1 50 384
2 409
1 352 766
2 528
1 672 162
1 683 974
1 675 555
1 82 34
1 852 934
1 174 44
1 851 911
1 899 680
2 947
2 971
3 794 7941 983 38
2 540
3 142 1421 813 938
2 878
3 869 8691 464 736
1 18 193
1 853 675
1 735 15
2 386
3 624 6241 815 866
1 190 117
1 553 364
3 362 3621 19 558
1 934 28
2 40
1 178 352
1 127 662
1 132 359
3 813 8131 890 1000
3 124 1241 744 658
1 955 440
1 2 886
2 993
3 568 5681 433 906
1 663 446
1 228 555
1 34 277
1 534 77
3 745 7452 851
1 67 178
1 636 971
3 164 1642 968
1 673 818
1 153 871
1 426 667
2 890
1 723 776
2 493
3 50 6531 571 910
1 894 42
2 221
3 39 1091 957 331
2 22
2 682
3 557 5571 825 202
2 231
3 389 1551 833 179
1 583 288
1 79 323
3 330 3302 64
1 490 822
1 111 804
1 706 401
1 505 560
1 896 20
2 47
1 540 915
1 221 716
1 651 716
1 716 982
2 107
2 121
1 524 529
3 453 4533 128 7983 684 6841 588 719
1 910 665
1 169 770
1 202 311
1 871 980
1 866 569
1 274 980
1 131 424
1 417 136
3 653 6531 431 698
3 570 5701 226 58
1 147 933
1 762 399
3 766 8363 910 5772 542
1 993 11
1 859 988
3 814 8141 258 170
1 340 466
1 906 339
1 311 485
1 343 173
3 587 5871 210 582
1 510 246
1 935 516
1 329 625
1 627 759
3 913 9131 383 468
3 391 3911 569 496
3 362 6892 33
1 661 668
1 668 663
2 437
1 204 1
1 793 434
2 551
1 446 226
1 933 765
1 698 173
1 58 84
1 437 812
2 198
1 14 166
1 770 572
1 200 294
3 700 7001 882 934
3 362 3622 733
1 84 809
1 640 369
1 625 506
1 323 143
1 563 6
1 167 119
2 883
1 440 274
1 953 594
1 369 316
2 265
1 995 116
1 173 792
2 291
1 576 675
3 328 812 65
1 341 460
1 480 486
3 646 6461 666 232
1 863 114
3 86 861 980 822
1 997 829
1 500 800
1 792 230
1 950 335
1 791 909
1 847 181
3 606 6061 504 134
1 212 120
1 310 987
3 9 93 127 1271 551 546
1 903 858
1 94 966
1 230 5
3 889 8892 587
3 902 4421 5 773
1 410 371
1 773 258
1 729 650
2 817
2 317
2 387
1 800 588
3 952 9521 63 20
1 691 437
2 388
2 438
3 633 7111 555 214
1 193 19
1 11 269
1 839 15
2 691
1 96 16
1 453 848
1 710 427
1 591 33
1 359 338
1 566 711
1 496 81
1 944 833
1 719 418
1 166 235
1 208 463
2 501
1 558 870
1 285 351
1 418 193
1 350 512
1 465 645
1 912 502
1 229 416
1 870 862
1 257 486
1 862 743
3 692 6923 581 5811 161 133
2 311
1 620 548
1 495 871
1 281 781
1 141 63
1 905 913
2 719
1 486 492
1 347 823
1 704 924
1 562 996
1 287 15
1 123 776
1 386 568
1 126 995
1 191 166
2 876
1 719 235
1 26 636
1 235 495
1 506 652
3 286 2861 822 859
1 214 943
2 81
1 614 780
1 81 757
1 266 112
3 141 7231 71 314
1 876 369
3 580 5801 384 236
1 457 940
2 678
1 311 924
1 924 273
1 932 752
1 273 995
1 601 40
1 929 126
1 838 888
1 595 686
1 39 882
1 682 459
3 734 7341 420 438
1 116 154
3 796 7961 461 75
1 502 535
1 416 706
1 611 119
1 1000 643
1 943 325
1 136 27
1 489 893
1 154 245
1 623 539
1 883 623
3 537 5371 711 839
2 60
1 152 853
1 236 28
1 915 309
1 529 415
1 415 398
1 639 927
1 637 600
3 135 271 113 715
1 80 502
1 547 141
1 205 139
2 23
1 393 792
3 737 7373 477 4773 63 631 497 373
2 806
1 373 943
2 972
1 103 304
1 117 82
1 40 544
1 401 234
1 443 724
1 717 960
3 72 721 652 471
1 962 545
1 24 243
3 946 9551 180 343
1 76 496
1 325 909
1 909 402
1 402 94
1 145 876
1 824 21
2 289
1 247 838
1 978 914
2 222
1 966 848
1 690 827
1 848 666
1 886 599
1 472 754
1 151 986
1 110 165
1 686 734
3 525 6503 911 9111 987 622
1 91 738
3 519 5193 889 8891 232 613
1 851 253
1 613 44
3 470 4701 44 535
2 731
1 75 189
1 828 528
1 189 105
1 435 49
1 68 118
1 715 531
1 531 192
1 600 24
2 673
1 532 23
1 203 872
3 363 3632 45
1 872 262
3 103 311 262 518
1 837 85
3 322 2401 518 124
1 124 994
1 877 71
1 840 731
1 794 367
1 312 817
1 963 695
1 332 646
1 994 587
1 587 462
1 462 521
1 743 627
2 416
2 311
1 826 18
1 736 366
1 521 801
1 972 970
1 964 463
1 463 119
1 311 606
1 476 974
2 7
3 603 7231 676 679
1 15 580
1 416 282
1 29 185
1 629 412
2 87
1 282 368
1 599 992
3 694 6941 606 613
1 992 131
1 335 676
1 845 810
1 757 560
1 560 284
1 47 469
2 337
1 990 302
1 732 251
1 469 549
1 25 636
1 971 903
3 103 1031 259 207
2 277
2 685
1 516 594
1 337 829
2 174
1 858 247
1 277 136
1 89 670
1 27 122
2 190
1 582 565
1 122 190
1 190 608
1 680 627
1 411 659
1 16 124
2 44
1 945 297
1 168 798
3 821 7031 545 283
1 44 598
2 156
2 261
1 691 668
1 261 93
3 646 8213 421 4211 93 598
1 396 88
1 598 363
1 363 69
2 413
1 69 752
3 271 3431 752 3
1 65 150
1 3 286
1 286 452
1 917 615
1 220 226
1 615 856
1 856 857
1 644 513
2 332
1 857 889
1 889 907
3 102 3741 878 344
1 884 512
3 340 1531 645 265
1 265 920
1 299 475
1 920 730
2 609
1 556 499
3 484 4843 439 4391 546 179
1 550 41
1 730 942
1 968 811
3 205 2051 134 899
3 310 3231 942 218
3 15 9211 218 386
1 634 10
3 171 1713 415 6563 554 5541 10 782
1 831 12
1 95 138
1 782 533
1 960 885
1 150 672
1 885 956
1 243 82
1 513 471
1 956 874
1 874 869
1 253 441
3 318 7782 974
3 948 6231 477 356
1 869 947
1 947 544
1 413 520
1 520 796
1 796 928
1 928 242
1 473 462
1 129 836
2 71
1 242 981
1 981 223
1 223 111
1 804 681
1 681 793
3 628 6281 434 443
1 817 731
1 731 684
1 844 303
1 684 380
1 377 998
1 998 367
2 430
1 367 73
1 779 221
3 970 773 826 8262 396
1 788 793
1 73 142
2 754
1 12 765
3 905 9051 327 691
1 664 690
1 142 572
1 572 837
1 85 318
1 754 467
2 259
1 467 244
1 244 926
1 926 238
1 806 918
1 918 590
3 301 8902 180
3 489 4893 904 2571 590 283
3 404 4041 409 216
2 972
1 662 4
1 527 21
1 216 222
1 610 16
2 169
1 222 925
1 289 328
1 761 750
2 562
1 925 700
1 481 787
1 787 72
1 387 133
2 525
1 72 32
1 180 663
2 124
3 18 1373 127 1271 430 67
2 12
3 653 6531 659 679
3 894 8941 124 165
1 901 432
1 165 785
1 785 562
1 562 879
1 879 127
1 677 624
1 78 417
1 4 908
1 908 739
3 502 1051 739 88
2 10
3 447 4471 32 98
1 10 279
3 200 2571 892 425
3 964 1171 279 906
2 37
1 693 324
1 339 108
1 108 312
3 315 3821 88 729
1 140 293
2 799
1 650 52
1 231 484
1 621 87
1 52 89
1 670 777
2 1
1 777 548
1 667 163
2 196
1 548 790
3 162 1621 790 746
1 87 360
2 740
1 746 462
1 98 579
1 579 60
1 60 264
1 789 940
1 264 507
1 507 121
1 121 832
1 832 355
3 704 8603 246 6251 355 477
2 369
1 207 121
1 887 725
1 356 702
1 702 786
2 311
1 45 484
2 276
2 623
1 738 596
1 786 184
3 557 5571 184 690
1 827 120
1 100 326
1 311 164
3 877 713 659 8651 164 390
1 976 593
1 390 821
1 332 301
1 890 515
1 641 740
1 255 43
1 292 791
1 169 249
1 249 881
1 881 404
1 404 892
1 425 642
1 725 628
3 298 2981 642 474
1 474 414
1 429 21
1 414 525
1 525 894
1 819 939
1 148 934
3 208 2081 745 760
1 252 32
1 939 514
1 514 575
1 225 952
1 575 810
2 645
1 645 400
2 285
3 908 1421 810 815
2 746
1 400 678
1 678 192
2 695
1 746 185
2 183
3 749 7491 185 233
1 233 369
1 369 66
1 333 954
1 708 213
3 840 8402 523
1 740 194
1 194 799
3 984 9841 276 39
1 841 848
1 799 952
2 118
1 952 118
1 118 694
1 694 313
1 673 264
1 313 936
1 936 361
3 140 1401 361 916
1 937 144
1 916 643
1 695 713
1 643 293
1 938 626
1 975 970
2 462
3 552 5521 388 40
1 293 9
3 74 741 9 201
1 201 324
1 324 574
1 574 186
1 183 48
1 314 722
3 2 21 722 17
1 17 407
3 821 4251 224 564
1 564 683
1 974 733
1 483 389
1 733 375
3 207 2071 375 38
1 38 159
3 826 8261 159 95
3 899 3851 138 54
2 522
1 54 442
1 626 473
1 784 570
1 462 163
3 140 1401 977 728
1 163 834
1 834 854
1 522 972
1 972 396
1 396 919
1 919 460
1 460 295
1 295 406
2 257
1 406 285
1 285 23
1 23 710
1 427 649
1 649 392
1 392 248
1 248 272
1 458 837
2 525
3 260 2603 801 8011 272 527
2 951
1 697 369
3 243 7262 55
1 525 501
2 968
2 483
3 948 9482 39
1 501 171
1 171 83
1 83 231
2 166
1 756 984
2 60
1 984 334
2 584
3 372 2792 885
2 736
1 334 276
1 39 614
1 736 926
2 138
3 50 7341 138 448
3 431 2302 719
1 60 951
2 41
3 840 5581 951 883
2 387
2 653
1 55 205
1 623 204
3 610 6102 731
2 940
2 158
1 1 653
1 653 170
1 719 111
2 660
3 950 1151 731 290
3 647 3763 90 3943 575 9953 567 3333 860 8603 534 5343 835 8352 991
1 885 843
2 704
2 424
1 290 160
3 80 801 160 74
2 3
1 530 489
2 974
1 974 558
2 60
3 938 5962 216
1 803 592
1 3 177
3 663 4693 420 4202 535
1 177 814
2 337
2 764
1 424 986
1 337 312
3 304 9072 511
2 224
1 528 104
1 257 545
2 620
1 216 348
3 537 5372 325
1 325 107
3 121 2312 627
1 74 186
3 345 3453 594 252 657
1 589 46
3 989 8942 860
1 224 41
2 966
1 60 46
2 554
1 41 909
2 415
3 769 7691 415 923
3 76 243 920 8353 815 2682 874
1 923 470
2 581
1 966 271
2 49
1 511 554
3 601 8613 147 9333 196 1962 529
2 480
1 554 629
2 201
1 201 155
1 764 305
3 486 4862 481
1 481 75
2 558
1 305 593
2 763
3 841 8411 593 612
3 941 9412 113
2 442
3 128 131 46 37
3 200 2663 621 6213 389 3891 620 713
3 85 1692 700
2 729
1 729 566
2 322
1 37 959
1 529 290
2 190
3 333 3331 190 936
2 321
1 959 541
2 268
2 424
1 424 646
1 541 877
3 138 6513 317 3173 163 5653 614 452 308
1 71 503
3 931 9312 212
1 503 457
2 819
1 940 853
2 360
1 468 300
2 140
2 821
1 821 445
3 330 7211 107 949
3 912 9123 521 5212 634
1 968 631
3 130 1303 173 4343 911 8242 416
1 949 439
2 593
1 593 766
3 881 8903 570 893 494 7213 470 6422 161
2 951
3 663 4461 775 112
3 44 8121 439 394
2 237
1 438 768
3 745 8162 292
3 379 6891 558 307
3 513 9442 1
3 869 8691 307 708
2 736
1 1 197
2 894
1 213 387
3 188 1883 353 3532 124
1 387 410
3 250 6042 38
1 704 416
2 980
1 980 464
3 672 6722 733
3 44 6001 161 242
3 130 1303 633 2833 452 8572 72
1 416 458
2 604
2 331
3 979 9791 124 523
1 523 522
2 521
1 736 763
2 144
1 763 404
2 919
1 919 973
3 508 5082 826
1 973 845
3 761 7613 658 2312 620
3 663 6873 372 3721 144 56
2 28
1 56 109
2 945
2 81
1 81 922
1 331 73
3 636 663 513 6443 754 8012 821
2 328
1 821 236
1 28 284
2 185
3 931 9311 922 157
3 530 8932 869
1 620 29
2 840
1 259 586
3 239 2502 903
1 157 250
2 467
1 185 134
3 209 2093 621 873 621 6213 964 1192 960
1 328 935
2 590
3 880 7211 627 275
3 686 9292 562
1 657 552
2 834
1 903 768
2 354
2 333
1 768 72
1 72 308
3 273 2732 529
1 308 733
3 200 2942 37
1 733 585
3 962 43 759 2083 760 8163 420 4203 765 7493 840 8403 97 972 606
1 585 557
3 247 2472 327
3 759 6761 557 280
3 625 3842 408
1 529 742
2 575
2 250
2 447
3 350 4921 354 988
2 806
1 37 81
1 674 286
2 225
1 475 342
1 250 983
3 953 9352 323
1 894 525
3 46 453 130 1302 557
2 89
3 842 8423 368 3681 38 551
1 408 539
2 116
1 557 198
2 106
2 864
1 198 765
3 844 3031 834 483
2 943
1 237 504
3 867 8672 650
2 857
3 564 5641 483 568
1 604 526
2 788
2 587
2 182
1 634 701
1 30 564
1 701 639
3 311 5373 419 3252 909
2 86
1 943 345
2 47
1 909 917
1 535 667
3 368 3682 992
1 584 179
3 325 533 965 9652 246
2 103
3 265 8353 830 6871 992 97
2 29
3 836 11 47 68
1 857 9
3 517 5173 749 7492 859
2 347
2 883
1 609 269
1 480 946
3 272 2481 29 405
3 784 7843 343 6983 549 432 56
2 239
1 405 960
1 59 198
2 896
3 217 2171 960 467
3 423 4233 287 1183 530 8082 803
1 97 172
2 892
1 467 686
3 670 7773 550 5502 244
1 116 332
3 670 1343 506 2232 611
1 892 255
2 242
2 746
2 116
1 116 449
1 562 618
1 56 872
2 740
1 89 348
2 148
2 121
2 748
2 120
2 978
1 618 969
1 449 323
3 263 6121 323 184
3 265 7301 120 769
1 748 796
2 737
1 242 761
3 227 2273 673 6733 846 8463 332 3323 530 5303 844 8442 160
1 182 648
2 596
3 831 8311 648 641
2 983
1 575 451
3 799 7993 52 652 131
1 740 798
2 745
1 160 272
3 165 1653 870 8053 555 9592 385
1 983 212
2 263
1 106 567
2 771
3 715 7151 212 264
2 297
1 12 52
3 834 9813 330 3302 900
1 385 786
3 77 5343 567 5752 558
1 121 53
3 759 6223 310 3102 117
1 558 327
2 613
1 327 751
2 195
1 751 333
2 115
2 99
1 195 954
1 333 931
2 302
1 705 956
3 448 952 958
1 874 246
3 987 2512 237
1 859 312
2 337
1 246 592
2 733
1 442 691
3 673 6733 301 3323 618 2772 626
1 806 437
3 316 3163 872 2783 138 1593 997 8293 922 5943 200 2002 942
1 337 499
3 771 7712 757
1 733 268
3 379 3793 921 5022 363
3 420 4201 268 749
3 606 6062 304
1 626 741
2 919
1 741 568
2 802
1 919 728
3 405 8802 681
1 728 802
