3 201 2011 449 954
1 743 404
1 728 377
1 82 104
3 703 7031 398 346
1 402 318
1 224 641
1 707 305
1 324 132
1 664 581
1 268 260
1 153 688
1 368 109
3 443 4431 166 626
1 626 281
1 573 486
3 1000 10001 888 882
1 450 750
1 157 992
1 74 15
3 644 6443 777 7771 338 241
1 337 749
1 29 929
1 897 828
1 152 775
1 535 296
1 325 574
1 456 261
1 563 373
1 133 768
3 528 5281 243 919
1 734 948
1 211 281
1 569 125
3 443 4431 775 510
1 660 147
1 288 296
1 323 201
1 871 423
1 559 428
1 251 107
1 817 693
1 369 7
1 423 5
1 109 336
3 878 8781 861 884
1 994 56
1 733 224
1 796 967
1 628 478
1 339 405
1 110 201
1 636 124
1 582 454
1 919 534
1 538 900
3 808 8081 632 997
1 23 735
1 917 753
3 943 9431 679 638
1 330 877
1 900 735
1 42 611
1 693 216
3 224 7331 513 477
3 73 733 118 1181 104 502
3 661 6611 851 228
1 316 761
1 646 922
1 642 475
1 716 477
1 621 615
1 194 147
1 641 637
1 90 177
1 853 762
1 822 162
1 735 443
1 758 133
1 356 279
1 978 32
1 669 957
1 898 32
1 997 770
1 651 466
3 447 4471 934 714
1 659 832
1 260 611
1 272 430
1 472 405
1 542 369
1 364 33
1 454 38
1 315 95
1 797 933
1 852 470
1 510 15
1 428 933
1 250 172
1 451 277
2 324
1 467 894
1 129 399
3 774 7741 533 93
1 770 927
1 448 8
1 44 832
1 482 459
1 159 610
1 247 257
1 784 876
1 37 711
1 443 463
2 316
1 313 635
1 560 429
3 722 7222 822
1 520 86
1 756 186
1 611 834
2 632
2 693
2 559
1 639 923
3 575 5752 152
3 123 1231 346 891
1 610 67
1 546 611
1 887 872
1 675 716
3 25 251 142 596
1 706 315
1 345 867
1 150 366
3 741 7413 576 5762 861
1 303 45
1 766 431
1 954 584
1 768 829
1 15 20
1 877 75
1 637 39
1 396 570
1 420 494
1 507 748
1 172 88
1 968 937
1 387 118
1 574 57
2 669
1 135 77
1 579 289
1 575 31
1 113 38
1 662 520
1 490 40
1 933 575
1 97 300
1 221 204
3 101 1011 714 631
1 823 26
1 818 66
1 937 808
2 563
1 88 881
3 807 8073 6 61 895 947
1 196 674
1 750 145
1 935 971
1 484 208
1 385 602
1 991 539
3 226 2262 917
1 359 76
1 182 238
1 160 95
1 457 103
2 935
1 20 925
2 211
1 342 654
1 779 218
1 592 192
3 659 6592 888
1 367 902
1 39 839
1 959 447
1 710 784
2 342
3 351 3511 839 825
1 225 172
1 192 527
2 823
1 834 479
1 440 576
2 978
2 546
1 541 843
1 494 939
1 477 938
1 613 122
1 593 89
1 38 498
1 584 400
1 304 429
2 758
1 927 247
1 804 600
1 802 57
1 828 624
1 302 81
3 439 4391 602 409
2 641
1 300 132
1 22 863
3 648 6481 695 785
2 660
1 749 968
1 615 935
1 106 379
1 336 818
1 67 900
1 827 655
2 900
1 752 954
1 17 101
2 716
1 463 535
1 257 378
1 980 1
1 378 724
1 723 4
1 486 306
1 310 932
2 467
1 134 862
3 989 9892 450
1 208 580
1 711 42
3 321 3213 311 3111 201 574
1 478 209
1 536 739
3 388 3881 961 951
1 295 68
1 815 63
2 74
1 683 665
1 352 1
2 853
1 409 228
1 116 830
1 309 515
1 112 419
1 845 982
1 279 30
1 479 649
1 667 195
1 236 698
1 627 560
1 617 776
1 730 133
2 109
3 370 3701 233 846
2 310
1 28 799
1 103 127
1 824 41
1 767 892
3 347 3471 844 229
1 197 576
2 779
1 498 905
1 853 477
3 791 7911 550 825
2 251
3 269 2691 185 626
3 259 2591 890 922
2 592
1 366 784
1 390 663
2 834
1 764 924
1 64 291
2 827
1 850 215
1 846 727
2 667
1 544 132
3 752 7521 799 354
3 541 8431 657 276
1 374 83
1 61 9
1 199 734
1 892 309
1 100 777
1 127 19
1 693 393
1 985 646
1 522 541
1 19 864
1 776 512
2 440
2 851
1 310 250
3 670 6701 204 154
1 496 4
1 170 581
1 319 850
1 230 916
3 957 9571 152 231
1 222 477
1 811 195
1 563 646
1 864 917
1 4 367
1 962 123
1 906 850
1 848 693
1 414 852
1 259 897
1 691 236
1 619 349
2 853
1 101 748
1 502 231
2 104
1 545 983
1 914 861
1 900 344
1 665 480
1 91 272
1 8 780
1 688 522
2 818
1 832 352
1 306 507
3 150 1502 243
1 631 148
1 163 996
3 255 2551 277 313
1 996 183
1 401 493
1 79 850
1 713 113
2 799
1 680 287
1 48 148
3 490 4901 663 884
1 674 52
1 444 463
1 843 116
1 512 727
1 834 694
2 954
2 584
1 546 600
2 42
1 5 738
1 418 903
3 987 9871 656 562
3 593 891 177 572
1 63 911
1 951 619
1 591 350
1 567 282
1 629 983
1 215 22
1 588 710
1 748 717
1 998 820
1 49 7
1 234 832
1 1 220
1 80 458
1 107 446
1 348 88
1 92 328
1 33 924
2 44
3 178 1782 478
1 724 429
1 883 406
2 106
1 412 367
2 933
1 932 193
3 386 3861 935 691
1 273 546
1 468 792
1 228 570
1 970 828
1 276 487
1 925 924
3 270 2701 123 470
1 889 204
1 241 989
1 193 423
2 832
1 989 67
1 344 504
3 467 4671 81 829
1 517 509
1 924 308
1 885 238
1 470 55
1 694 172
1 856 994
1 600 129
1 432 455
1 982 978
1 873 811
1 290 894
1 115 988
1 419 770
3 11 111 497 363
1 299 664
2 897
3 621 6211 884 409
1 57 900
2 579
1 504 611
1 261 582
3 414 4142 29
1 151 700
1 686 88
1 281 756
1 132 257
2 998
1 218 781
2 91
1 881 553
1 830 856
3 493 4933 69 691 467 619
1 91 351
1 967 516
2 873
1 518 174
1 227 163
1 405 104
1 712 551
1 383 890
1 649 214
3 213 2133 826 8262 172
1 54 236
2 418
1 183 475
1 519 467
1 922 613
1 98 835
1 905 252
1 601 920
3 414 4141 515 950
1 920 798
1 812 953
2 208
2 419
2 185
2 797
1 188 288
1 739 796
1 635 88
1 47 171
2 54
1 293 190
3 873 8731 316 51
1 252 82
1 384 458
2 812
2 881
2 852
2 135
3 802 1101 458 83
1 738 329
1 308 185
1 861 694
1 825 679
2 151
1 75 140
1 258 480
2 414
3 293 2931 614 704
1 161 239
1 429 855
3 92 3281 329 639
1 211 129
1 172 524
1 165 274
1 86 169
3 824 8241 855 3
2 230
1 83 531
1 169 389
1 186 358
1 524 163
1 668 681
1 95 615
1 641 753
1 829 802
1 808 282
1 931 466
1 854 457
2 196
1 311 261
2 463
1 475 466
1 509 677
1 466 437
3 426 4263 253 2533 434 4341 284 137
1 554 383
3 751 7513 14 141 983 876
2 898
3 848 8481 866 964
1 698 739
1 799 834
1 102 251
1 124 915
1 762 778
1 902 116
1 727 511
1 941 925
3 833 8331 363 675
1 703 645
3 882 8821 950 881
1 832 497
1 321 448
2 300
1 7 654
1 274 414
1 485 470
1 326 532
2 855
1 392 607
1 603 650
1 104 288
1 851 469
1 437 380
2 110
3 810 8101 570 928
1 855 325
1 21 564
1 596 257
1 109 503
3 805 8053 26 263 685 6851 244 169
1 51 33
1 576 902
2 828
1 478 346
1 220 671
1 697 609
1 873 650
1 180 227
1 516 125
1 531 18
1 609 903
1 382 700
1 185 749
3 142 1421 583 668
1 677 473
1 863 933
2 369
1 55 475
3 371 3711 717 752
1 874 252
1 928 419
1 154 825
1 564 633
1 10 202
1 682 596
3 19 4571 380 507
1 168 349
2 490
1 68 553
3 216 2161 96 172
1 954 72
3 500 5003 579 5793 504 2681 774 743
3 855 4752 546
2 315
1 16 931
1 923 708
1 255 77
1 716 281
1 881 776
3 554 3833 878 8782 881
1 419 77
1 886 752
2 405
1 930 88
1 349 509
2 330
1 938 438
1 463 37
1 340 666
1 249 704
1 835 221
1 72 493
3 277 2771 196 817
2 610
1 120 687
1 42 955
2 67
1 162 638
1 414 490
1 960 844
1 248 247
1 46 558
1 125 849
1 440 143
2 260
1 122 796
1 371 110
1 553 680
3 229 2292 142
1 781 763
2 937
1 493 633
1 689 412
3 670 6702 627
1 119 426
1 754 132
1 149 864
1 849 948
1 948 29
1 660 997
1 77 361
1 453 698
1 805 809
1 393 588
1 525 803
2 927
1 955 941
2 541
2 463
1 678 31
3 621 6211 987 451
1 638 391
1 828 255
3 559 5591 876 300
1 360 767
1 818 24
1 89 784
1 881 261
1 56 451
3 645 7031 633 112
2 1
1 357 719
1 670 183
3 234 4971 108 63
1 404 59
1 291 853
1 785 209
3 597 5973 843 8432 829
1 117 744
1 280 649
1 599 347
1 300 402
1 676 390
1 296 580
3 689 6891 820 224
3 615 1601 771 310
1 511 797
1 263 766
2 739
1 256 210
1 797 304
1 911 724
1 643 243
3 534 5341 795 338
3 630 6303 775 7753 546 5462 629
2 628
3 957 9572 288
1 361 186
2 941
1 909 451
1 937 913
1 358 888
1 1000 352
1 888 794
1 783 881
1 551 26
1 446 759
2 776
1 794 20
1 417 951
3 711 7112 596
3 321 7801 216 277
2 33
2 828
1 264 37
1 67 520
1 362 198
1 195 608
1 391 661
1 840 51
1 790 404
1 913 707
1 860 600
1 305 639
2 691
1 288 774
1 737 247
1 927 296
1 455 869
1 59 949
2 360
1 949 435
1 661 121
2 204
1 708 530
2 662
3 448 81 964 247
1 399 361
2 37
1 530 740
1 740 644
3 795 7951 541 991
1 776 170
1 917 10
1 655 317
3 432 4321 433 465
1 528 727
1 539 952
3 471 4711 12 400
1 644 334
1 334 879
1 243 203
1 963 989
1 460 888
3 614 7041 557 722
1 722 931
3 108 631 798 630
1 389 650
1 251 327
1 879 614
1 704 606
1 763 916
1 627 315
3 961 9611 580 348
1 816 859
1 958 764
1 435 953
3 729 7291 691 636
1 203 739
2 649
2 930
1 158 846
1 606 742
1 908 646
1 742 272
1 939 982
1 953 888
1 841 310
1 430 93
3 624 6241 29 231
1 379 431
1 204 201
1 93 446
1 745 323
1 759 406
1 993 203
1 406 194
3 741 7411 581 606
2 259
3 745 7451 462 353
1 700 677
1 65 162
1 301 502
3 106 1061 121 34
1 527 975
1 50 963
3 880 8803 49 71 147 264
1 37 43
1 351 491
1 315 885
1 426 762
3 158 1581 903 479
1 436 516
3 278 2781 684 306
1 607 982
2 309
1 978 339
2 621
1 681 754
1 173 198
1 43 792
1 792 387
1 592 478
3 489 4893 277 2771 487 1
2 908
3 519 5192 978
2 123
2 861
2 695
1 118 242
1 242 678
1 421 316
3 17 171 726 727
1 372 271
1 31 975
1 630 82
2 582
3 381 3811 318 528
2 305
1 305 731
1 324 698
1 135 938
1 995 876
1 975 74
2 790
1 718 212
1 431 459
1 500 454
1 309 931
1 73 981
1 731 450
1 645 356
1 450 410
2 82
3 809 8051 562 869
1 650 568
3 177 903 372 3723 289 2892 125
1 33 354
1 238 764
1 773 295
1 123 770
1 210 421
1 772 894
1 327 767
1 410 271
1 271 935
2 924
1 125 823
1 594 70
1 705 621
1 924 594
1 82 257
1 933 194
3 500 7262 855
1 87 751
1 377 594
2 512
1 146 130
3 592 4781 943 260
1 469 957
2 211
1 829 635
1 171 376
1 582 137
1 473 309
1 540 211
1 254 244
3 167 1671 74 853
1 405 786
1 18 128
1 297 717
2 975
3 188 1881 872 702
1 282 198
1 198 834
1 855 818
1 506 507
1 975 23
1 725 322
2 132
1 24 401
1 34 2
1 503 271
3 971 9711 70 548
1 893 794
1 568 266
1 739 585
1 608 399
1 137 596
2 7
2 428
1 904 195
1 463 33
1 492 612
3 795 501 788 863
1 548 275
1 753 818
1 596 912
1 331 962
1 981 590
1 625 845
3 945 9451 585 920
2 651
1 395 393
3 740 6391 287 192
2 895
1 9 172
1 275 542
1 76 907
1 514 354
1 823 799
1 584 554
1 354 337
1 941 290
1 915 814
1 780 144
2 86
3 412 4121 369 367
3 942 9421 260 677
1 912 561
1 561 744
1 744 681
3 820 8202 279
3 98 981 978 609
1 649 334
1 132 556
1 814 916
1 438 478
3 837 8371 184 50
1 556 620
2 981
1 620 298
2 51
3 508 5081 322 304
1 653 893
1 298 948
1 231 539
1 388 526
1 307 119
1 490 653
1 952 551
2 625
1 916 488
2 121
1 26 342
1 342 534
1 666 428
1 534 555
1 555 140
1 140 649
1 226 826
1 695 862
1 181 55
1 757 550
1 891 884
1 488 640
1 640 779
3 995 9951 779 276
3 79 791 266 591
2 576
1 148 955
1 1 465
2 20
1 202 518
3 108 5361 810 243
3 866 8662 64
1 20 599
2 4
1 465 383
1 167 162
3 426 1191 971 68
1 590 548
1 347 604
1 604 85
1 85 831
1 831 294
1 858 292
1 4 565
1 294 340
3 452 4523 196 7841 428 760
1 671 975
3 821 8211 760 908
3 457 192 963
3 363 8322 959
1 908 457
1 452 853
1 174 837
1 589 35
3 885 5941 837 729
1 729 637
1 612 526
1 121 572
1 806 727
2 743
1 572 499
2 846
2 377
2 935
1 935 705
1 499 819
1 867 82
2 168
1 809 41
1 278 650
1 819 375
3 540 5401 375 672
1 672 461
1 461 34
1 578 905
1 621 64
1 7 688
1 64 547
1 36 801
1 853 865
1 476 395
1 283 135
2 818
3 363 8321 2 14
1 732 785
1 598 250
3 906 9062 283
1 547 512
3 773 7731 512 89
1 3 532
2 351
1 483 942
1 623 848
1 413 751
3 590 5901 14 788
3 906 9061 818 772
1 894 901
1 110 932
1 901 868
1 245 223
3 415 4152 17
2 590
1 416 205
3 770 6601 972 834
2 222
1 868 481
1 481 40
1 40 673
1 673 209
2 153
1 998 829
1 702 921
1 209 18
1 128 314
3 787 7871 314 977
1 977 12
1 350 910
1 400 577
2 775
1 577 47
1 376 223
1 736 84
1 778 809
3 980 9801 223 45
1 45 480
1 495 84
2 503
1 480 872
2 404
1 921 283
3 542 6063 338 2411 283 812
1 812 965
1 965 6
2 288
1 269 794
1 6 979
1 966 992
1 979 861
2 645
1 861 791
2 611
3 761 7611 791 521
2 169
3 810 8101 611 142
1 521 800
1 800 568
2 382
1 787 792
1 910 328
1 328 574
1 142 896
1 896 777
1 777 525
1 803 858
1 292 52
1 571 742
2 848
1 52 448
1 144 316
1 51 241
2 964
1 86 114
1 114 332
3 513 5131 332 956
1 618 439
2 63
1 956 495
1 84 158
1 846 492
2 950
2 522
3 544 5441 60 999
1 526 634
1 94 707
1 130 450
1 503 451
1 471 435
3 500 5001 634 279
1 279 944
1 944 263
1 459 69
2 258
2 695
1 205 438
1 69 852
1 976 897
1 590 474
1 852 212
1 212 586
1 586 844
1 229 869
2 917
1 869 353
2 244
1 353 32
2 700
2 108
3 66 661 32 880
1 880 96
1 957 351
1 917 618
1 439 63
1 63 442
1 936 441
1 558 293
3 601 1931 442 597
1 747 813
1 597 703
3 545 5451 645 508
2 730
3 71 711 508 155
2 56
1 155 351
1 206 552
1 474 81
2 271
2 528
1 821 781
3 324 3243 345 3452 273
1 528 773
2 442
1 239 712
1 288 144
1 271 330
1 270 679
1 330 579
2 46
1 442 514
1 579 964
1 41 888
1 624 978
1 964 986
1 986 936
3 970 9701 441 654
1 669 268
1 751 247
2 607
1 826 404
3 210 2101 343 500
1 262 794
2 928
1 654 793
1 793 730
1 730 765
1 382 168
1 765 594
1 56 398
1 445 414
2 437
1 928 209
1 437 761
1 761 219
1 746 104
1 219 464
1 464 999
1 169 20
1 999 357
2 978
1 719 189
2 793
3 781 7811 189 105
3 950 9501 105 341
1 341 242
1 793 801
1 801 91
2 82
1 351 82
1 82 543
1 386 334
1 543 715
1 978 205
3 838 8381 715 822
1 822 827
3 670 6701 827 838
3 40 8611 838 99
1 99 58
1 58 652
1 652 73
3 877 8772 15
3 225 2251 981 50
3 291 2911 963 789
1 789 966
1 992 857
1 857 35
1 35 758
1 758 782
1 782 289
2 239
1 289 769
1 862 915
3 195 8111 769 440
1 143 899
2 74
1 899 875
1 875 595
1 595 11
1 11 138
1 138 651
1 651 244
1 699 211
1 244 607
3 750 1452 28
3 713 7131 897 773
1 418 16
1 607 882
1 882 239
1 403 4
3 422 4221 239 15
1 15 743
1 743 685
1 685 628
1 628 741
1 741 515
2 669
1 950 422
1 286 164
1 422 106
1 106 565
3 733 7331 565 489
1 489 381
1 381 576
1 918 355
1 576 523
2 288
1 523 404
1 404 667
3 987 9872 691
1 190 655
1 522 676
2 255
1 667 847
2 484
2 172
1 172 793
1 847 552
1 552 658
1 658 153
1 153 701
1 701 415
1 415 120
2 571
1 377 451
1 687 178
2 597
1 178 984
1 984 382
3 322 5043 965 5922 809
1 168 699
1 211 940
1 940 942
1 258 49
2 539
1 942 546
3 545 5451 546 365
1 365 695
1 288 563
1 625 890
3 661 5722 817
2 511
2 412
1 695 709
3 776 7762 174
3 34 5501 709 721
1 721 74
1 74 501
1 501 947
1 947 373
1 373 870
1 865 411
1 870 502
1 539 505
1 505 597
2 280
1 597 53
3 780 5721 53 907
1 907 842
2 656
2 140
1 187 667
1 842 71
1 71 407
1 407 235
1 235 320
1 320 622
1 622 434
1 434 806
2 967
1 511 30
1 30 285
2 245
3 600 8601 285 151
1 151 584
1 967 518
3 48 5171 174 762
1 809 571
1 571 988
1 988 610
1 610 484
3 436 1982 968
1 484 906
1 968 558
1 317 265
1 265 13
1 13 700
1 700 692
2 593
2 261
2 186
1 790 925
1 692 27
1 27 865
2 235
1 235 150
1 411 491
1 491 313
1 261 166
1 186 140
1 145 377
2 134
3 460 851 140 696
1 696 848
2 808
2 844
1 848 772
1 844 898
1 720 146
3 180 162 442
1 898 164
3 589 5892 234
1 164 179
3 98 8353 522 6883 640 7073 488 7793 779 743 178 5032 568
1 179 744
3 643 6433 107 1072 324
1 568 196
3 251 5242 711
1 817 632
2 454
2 13
3 750 9272 633
1 632 72
1 13 324
2 748
1 324 927
1 633 532
3 476 4762 556
2 308
1 532 262
2 30
1 442 859
1 859 280
2 561
1 424 51
2 632
2 352
1 632 745
1 691 464
3 386 6143 449 7172 342
1 556 587
2 445
3 969 9693 660 8831 929 723
2 33
1 33 185
3 815 8152 263
1 263 274
3 569 6983 93 6092 113
3 449 4492 867
3 623 6231 587 364
1 280 629
2 706
2 547
1 629 253
2 227
3 80 801 253 615
1 547 234
3 737 7373 771 5792 615
1 615 200
3 911 1893 886 32 135
3 467 5191 200 593
2 778
1 593 434
2 197
1 30 174
2 625
1 778 684
2 871
2 274
3 787 7872 339
1 274 959
1 959 926
1 926 529
2 757
1 529 360
3 97 972 115
1 360 953
3 203 7233 236 2363 159 5713 389 3892 269
2 511
1 511 833
2 343
1 833 218
2 399
3 951 223 115 1151 748 706
1 537 274
3 982 4772 344
1 344 122
3 573 5732 812
1 706 828
3 919 5342 542
1 343 916
3 938 4162 285
1 867 683
3 930 9303 351 3923 504 6113 902 9023 825 6372 846
1 812 935
3 645 942 348
3 109 7683 385 3851 542 681
3 129 8602 386
1 348 124
2 672
1 828 737
3 285 2852 806
1 234 108
2 155
1 108 160
3 537 5372 839
1 806 292
3 513 9382 85
1 846 375
3 741 3512 536
2 554
3 750 7501 672 136
1 136 912
3 785 7853 149 1493 120 8223 755 7552 182
1 561 973
3 746 5412 220
1 973 460
3 944 7833 913 4503 453 4532 381
1 381 481
3 125 9002 934
1 85 135
2 542
2 322
1 135 775
1 775 237
2 198
1 237 871
2 607
1 871 455
3 432 4323 283 9023 36 363 824 8242 564
2 162
1 607 213
2 603
1 240 986
1 213 195
3 711 7113 194 7622 137
1 399 352
3 659 8322 891
1 352 478
3 276 3642 598
3 226 2261 891 308
3 217 2172 922
3 525 8961 308 242
3 217 2173 100 1363 747 8132 352
1 427 270
2 206
1 352 188
3 209 6653 703 7033 198 2822 344
3 358 3581 922 521
2 295
1 344 62
3 319 5712 583
1 62 386
3 119 3072 775
1 386 80
3 98 983 21 212 236
3 985 9851 775 813
2 779
1 813 845
2 410
1 155 990
3 329 7383 369 3692 758
1 779 729
2 4
1 839 208
2 885
1 295 236
3 691 7193 285 2853 414 4902 482
1 208 115
2 511
3 196 5681 115 739
2 119
1 758 197
2 350
1 131 181
3 207 2073 905 9053 268 2682 949
1 647 500
3 162 1622 837
1 197 206
2 358
1 206 266
3 777 522 380
1 930 126
2 883
1 350 934
3 349 5093 379 3792 309
1 934 150
2 22
1 236 786
3 473 5172 496
2 181
1 755 161
1 786 394
2 545
1 394 730
2 852
1 542 583
3 372 3723 656 6563 27 3992 507
1 583 467
2 352
1 309 778
2 881
2 873
1 352 170
3 560 5601 507 322
2 241
1 241 717
2 955
1 322 536
3 526 5372 588
1 536 269
2 833
1 269 988
2 828
1 22 878
2 144
1 669 986
2 18
2 666
1 144 329
1 18 494
3 589 5892 654
1 878 559
3 447 4472 49
1 559 49
2 272
1 49 428
2 268
2 856
1 272 476
1 410 388
3 278 2782 228
1 588 598
2 56
2 322
1 322 757
1 757 133
3 766 4312 215
1 881 918
3 793 8743 407 5403 714 7142 138
1 355 605
2 224
2 441
1 273 318
2 712
3 14 4463 965 9651 605 271
1 441 131
2 386
1 181 367
3 656 6563 701 1532 793
1 856 299
3 750 1452 164
1 852 424
3 502 403 751 3412 908
1 598 198
3 24 1893 217 2173 746 7463 560 5792 622
3 711 7111 198 632
3 19 8722 722
2 411
1 267 760
1 386 269
2 930
1 215 46
3 879 3032 870
3 753 6412 916
2 704
1 704 736
1 46 942
3 157 1571 916 286
2 53
1 164 569
3 737 7372 581
2 167
1 793 276
1 870 836
2 484
1 828 766
2 699
3 87 1121 228 165
3 67 5202 446
1 711 796
2 93
1 581 621
2 485
1 484 17
2 215
1 17 945
3 998 9982 20
1 20 974
2 999
2 169
2 850
1 836 921
2 327
1 53 490
1 945 445
1 445 424
3 839 9863 199 1993 537 5372 393
1 564 338
3 84 7782 589
1 974 712
2 905
1 712 78
2 701
3 504 5042 534
1 78 875
3 709 7091 138 25
2 366
1 215 483
2 679
1 25 99
2 85
1 366 148
2 158
1 158 351
3 395 4763 864 8562 564
3 498 381 955 554
3 192 8913 638 661