3 954 9541 151 800
1 410 816
3 919 9191 260 854
1 73 412
1 912 641
1 687 99
1 601 213
1 572 351
1 643 290
3 489 4891 642 638
1 532 383
1 567 443
1 255 331
1 882 509
1 510 903
1 890 402
1 750 571
1 303 360
1 144 865
1 198 171
1 976 359
1 837 429
1 540 103
1 3 711
1 355 80
1 693 871
1 594 793
1 809 36
1 752 341
1 339 323
1 149 315
1 486 235
1 280 786
1 980 657
3 382 3821 987 552
1 562 433
1 814 517
1 787 677
3 985 9851 689 941
1 83 443
1 360 788
1 506 370
1 945 923
1 964 516
1 514 951
1 561 554
3 922 9223 928 9281 782 671
3 648 6481 953 747
3 126 1261 4 824
3 915 9151 269 686
3 736 7361 22 791
1 780 30
1 46 840
1 90 485
1 932 526
1 557 180
1 399 206
1 448 190
1 286 604
1 616 344
1 494 862
3 202 2021 403 107
1 702 748
1 821 116
1 137 222
3 849 8491 86 23
1 834 338
1 497 666
1 637 83
1 855 967
1 196 839
1 29 469
1 8 972
3 585 5851 522 726
3 856 8561 516 905
1 666 837
1 7 521
1 862 761
1 521 5
3 424 4241 808 572
1 546 231
1 374 414
1 923 3
1 167 704
1 262 47
1 363 764
3 74 741 644 248
1 160 638
1 754 473
1 739 937
1 677 325
1 784 717
1 389 290
3 879 8791 793 316
1 358 973
1 351 877
1 457 803
3 718 7181 444 567
1 775 356
1 508 689
2 572
1 877 424
1 880 693
1 323 302
1 559 131
1 118 399
2 637
1 388 768
1 193 813
3 916 9161 467 429
1 168 245
1 581 114
1 232 327
1 76 900
2 160
1 504 823
1 984 656
1 113 43
2 7
1 613 784
2 643
1 607 396
2 932
3 877 8771 302 832
2 687
3 485 901 765 849
1 14 2
1 34 619
1 131 739
3 635 6351 414 678
1 656 460
1 523 627
1 772 883
1 296 398
1 962 654
3 141 1411 264 956
1 97 596
3 628 6281 701 320
3 265 2651 335 475
2 149
1 501 575
1 149 421
1 290 283
1 969 663
1 661 961
3 763 7631 411 817
1 645 568
1 295 642
1 424 123
3 532 5321 2 902
1 330 735
1 606 385
1 807 67
3 874 8741 810 459
2 286
3 210 2101 445 356
1 429 308
2 793
2 290
3 711 9232 86
1 33 861
1 344 165
3 85 852 403
1 569 18
1 771 658
3 276 2763 578 5781 919 78
2 508
1 904 354
2 765
1 293 450
1 951 853
3 529 5291 770 942
2 594
1 332 385
1 842 124
1 187 543
1 848 581
2 198
1 768 633
2 855
1 160 129
1 313 198
1 259 666
1 658 773
1 479 902
1 32 65
1 936 338
1 180 62
1 28 647
1 843 204
1 599 680
1 368 735
1 89 270
1 824 550
1 678 712
1 769 193
1 828 109
2 3
2 616
3 281 2813 631 6311 952 435
1 680 948
1 518 901
1 370 301
1 60 421
1 779 214
3 680 5992 411
3 775 7751 290 887
3 246 2461 235 303
1 973 240
2 22
2 754
3 445 4451 798 38
1 846 884
1 520 380
1 308 599
1 338 532
1 859 716
1 240 940
1 513 815
1 248 914
1 740 495
1 616 291
3 496 4961 204 832
1 867 622
1 109 19
1 876 649
1 873 62
2 701
1 712 531
3 6 61 37 999
1 758 752
2 837
1 111 912
1 312 536
1 440 964
2 338
3 889 8891 679 262
1 622 859
3 867 8671 325 961
2 678
3 864 8643 897 8971 417 332
1 849 83
1 298 658
1 301 666
2 770
1 135 379
1 626 24
1 921 342
1 549 937
2 149
1 650 625
1 515 176
3 161 1611 797 382
1 884 996
1 25 877
3 782 7821 674 740
1 93 880
2 693
1 380 860
1 981 568
1 894 791
1 895 865
1 490 201
1 338 234
1 206 10
1 803 189
1 271 581
1 123 971
1 996 11
1 795 995
1 305 418
1 245 819
1 961 360
3 492 4921 957 42
3 247 2472 964
1 318 322
1 657 573
2 996
1 847 503
3 417 4171 327 24
1 605 896
1 431 392
2 521
1 996 303
1 443 501
2 264
2 921
1 887 409
2 206
1 80 869
1 221 521
1 475 803
2 658
1 600 352
1 575 100
3 261 2611 691 8
3 488 4881 541 651
1 697 746
1 869 773
1 42 310
1 683 856
1 837 189
1 234 131
1 649 317
1 476 290
1 177 624
1 38 566
2 457
3 654 9621 730 553
3 704 1671 990 267
3 497 6661 376 304
1 44 192
1 104 932
3 775 7751 189 817
1 746 326
1 590 486
1 279 484
1 755 62
1 201 778
1 949 942
1 350 663
1 17 774
1 840 568
1 347 75
1 921 732
1 170 777
1 946 125
2 325
1 434 623
1 116 501
1 967 500
3 569 5691 754 426
1 595 578
1 937 803
1 864 508
1 96 481
1 819 503
2 245
3 236 2363 451 4511 127 123
1 756 325
1 505 220
1 903 371
1 889 285
1 142 543
1 536 45
1 210 33
1 811 663
2 599
1 693 587
1 665 660
1 381 897
1 277 424
1 553 573
2 980
3 649 6493 640 6401 707 125
1 761 831
1 228 74
1 817 737
1 831 347
1 627 831
2 607
3 194 1942 600
1 325 161
1 47 716
1 317 773
1 100 211
1 857 936
1 382 885
2 876
3 394 3943 962 9621 200 791
1 621 687
1 948 511
1 932 228
1 211 90
1 354 223
2 889
3 958 9582 363
1 717 137
2 803
1 161 707
1 257 678
1 789 763
3 659 6591 12 568
2 693
1 658 280
2 953
2 513
1 341 821
1 676 18
1 81 50
1 641 429
3 348 3481 31 870
3 645 6451 872 555
1 950 714
3 839 8391 832 123
3 634 6341 54 616
1 803 423
1 162 313
1 419 466
1 823 915
1 359 615
2 755
1 439 257
1 695 685
1 721 728
1 891 39
2 12
1 935 28
1 670 759
1 125 673
1 428 659
1 681 778
2 428
3 991 9911 778 713
1 855 567
1 461 906
1 214 473
1 134 361
1 715 942
1 372 64
1 99 242
1 896 375
3 378 3781 108 768
1 534 433
1 126 855
1 511 373
1 737 970
1 735 93
1 281 481
2 761
3 62 623 908 9082 160
3 138 1381 473 27
1 931 680
1 908 685
1 607 775
1 223 328
1 970 326
1 268 780
1 596 133
1 693 472
1 678 720
1 119 893
1 692 901
1 585 515
1 660 828
1 792 266
2 828
1 580 781
1 883 834
1 425 613
1 198 866
1 487 489
2 118
1 85 337
3 604 6042 562
2 832
1 449 811
3 845 8453 511 9483 960 9603 84 841 171 459
1 879 835
1 690 387
1 409 385
1 436 434
3 533 5331 728 107
1 278 41
1 385 170
2 476
1 348 667
2 883
1 940 392
1 602 991
1 761 182
1 671 281
2 354
1 611 167
1 124 639
1 539 976
1 114 945
1 239 298
1 222 699
2 108
1 685 855
3 398 2962 657
1 423 378
1 959 152
1 174 420
1 963 353
1 107 154
2 837
1 371 244
2 96
1 989 584
1 165 575
1 405 458
2 940
1 64 955
1 247 727
3 350 6631 554 343
1 291 138
1 212 364
1 3 403
1 947 684
2 857
1 74 85
1 773 892
1 615 999
1 304 641
1 192 401
1 837 905
2 201
3 538 5382 351
1 216 890
1 889 549
1 49 378
1 329 13
2 665
1 853 421
1 378 216
1 971 126
1 533 153
1 550 37
2 325
1 485 522
1 643 399
1 153 592
1 623 35
1 72 483
1 696 822
1 543 405
1 800 818
3 230 2301 914 166
1 777 110
2 494
1 704 967
1 65 909
1 78 892
1 920 984
2 775
1 446 238
1 713 614
1 132 157
1 267 75
1 421 669
3 389 3891 402 208
1 209 193
2 872
3 797 7971 997 400
1 901 556
1 379 102
1 942 459
1 508 126
1 201 358
1 556 145
1 460 474
1 105 145
1 723 941
1 720 884
1 324 624
1 868 833
1 675 262
3 869 801 537 33
1 316 493
1 354 310
1 217 221
1 197 680
2 3
1 545 285
3 125 1612 382
1 883 323
1 573 800
2 405
3 452 4521 646 55
1 361 996
2 780
1 311 54
3 313 3131 386 701
1 568 649
1 474 134
2 615
1 673 359
1 726 311
1 166 496
1 331 164
1 188 990
3 321 3211 544 458
1 913 23
1 309 751
1 818 859
1 477 996
1 43 954
1 325 650
2 947
2 485
1 525 609
2 198
1 485 446
1 599 491
1 253 728
1 526 297
1 96 763
1 734 554
1 804 738
3 760 7601 152 414
2 316
1 66 495
1 634 691
3 81 811 198 523
1 584 455
1 500 402
2 399
1 322 223
1 770 148
1 418 179
1 933 215
1 841 588
2 240
1 902 447
1 725 762
1 110 346
1 147 141
1 141 308
1 466 273
1 614 348
1 664 772
3 754 7541 716 197
1 749 718
1 727 183
3 414 4391 709 281
1 401 781
1 700 885
1 999 102
2 585
2 350
1 405 478
1 56 406
1 791 240
1 272 42
1 426 117
1 77 146
1 564 825
1 579 729
1 24 59
1 801 181
1 615 108
3 282 2821 762 655
1 396 948
1 11 504
1 20 997
1 915 279
1 647 471
1 238 465
1 620 375
2 461
1 36 314
1 638 28
1 346 622
1 326 12
1 273 794
2 144
1 822 175
1 75 349
2 904
1 103 360
3 66 661 563 167
1 759 664
1 219 33
2 997
3 97 5962 54
1 465 471
1 871 312
2 989
1 16 350
1 314 161
1 450 726
1 39 141
1 35 223
1 832 176
2 268
1 412 69
1 373 754
2 573
1 979 835
1 208 254
3 672 6722 222
2 290
1 175 912
1 481 497
1 686 390
1 138 778
3 557 5573 400 4001 788 671
1 275 362
1 254 906
1 906 635
1 471 669
1 321 475
2 723
1 635 667
1 59 933
3 512 5121 145 481
2 942
3 209 2091 432 702
1 164 704
1 608 880
1 560 160
2 296
1 682 515
1 176 599
1 600 329
3 798 7983 857 8572 192
1 117 942
1 836 407
1 62 100
2 553
1 934 537
1 669 676
1 18 555
2 500
1 337 681
1 625 792
1 500 202
2 920
1 820 779
1 393 761
1 667 172
3 617 6171 102 618
1 892 348
1 106 716
2 782
2 690
3 859 6801 942 433
1 917 551
3 442 4421 565 132
1 172 557
1 583 598
3 863 8631 491 276
1 838 231
1 160 817
1 441 938
1 870 420
1 242 412
1 687 826
1 576 141
1 472 719
1 143 973
1 276 787
2 737
2 78
1 349 669
1 604 82
1 587 458
1 684 446
2 599
1 899 780
3 974 9741 133 736
1 944 287
1 199 793
1 108 859
1 599 447
1 159 995
1 1 764
1 499 112
1 447 687
1 905 491
1 555 524
1 459 123
2 111
1 900 594
1 524 534
1 435 401
2 448
2 554
1 250 588
1 828 355
2 906
1 826 41
1 925 392
1 9 849
1 554 183
1 266 664
2 506
1 906 16
1 455 671
1 343 129
3 777 3321 736 957
3 277 8641 41 406
3 532 5322 471
1 328 539
3 281 4743 565 5651 406 326
1 404 177
1 310 421
3 223 3221 865 422
2 635
1 860 750
1 433 564
3 385 8871 858 176
3 252 2521 774 970
1 471 199
3 66 661 825 277
2 418
2 331
1 157 798
1 442 837
1 628 760
1 215 907
1 12 547
1 111 51
3 645 6451 456 811
1 264 512
1 547 342
1 15 170
1 719 166
1 342 160
1 907 551
1 956 893
2 125
2 359
1 591 365
1 737 453
1 453 654
1 251 366
1 793 799
1 503 823
1 130 800
2 565
1 995 775
1 654 553
1 594 974
3 891 4742 62
1 553 13
1 763 502
1 464 206
2 39
2 180
2 99
1 407 849
3 493 4931 350 869
1 799 585
1 39 573
2 901
2 788
2 811
1 61 345
1 13 148
1 362 496
1 788 383
1 529 603
3 370 3011 148 152
1 51 636
3 175 1751 180 467
3 442 6501 571 273
1 585 559
1 878 107
1 897 258
1 618 142
1 154 677
1 383 910
2 736
2 80
1 974 599
1 636 79
1 566 587
1 420 794
1 345 450
2 660
1 910 947
1 365 878
3 895 8951 947 946
1 287 3
2 291
2 529
1 551 729
3 370 3701 125 136
1 764 128
1 136 457
1 521 611
1 359 164
1 457 954
2 947
3 268 2681 835 437
1 947 62
1 830 347
2 337
2 111
1 62 410
1 468 65
2 310
1 816 250
1 588 36
1 701 927
1 802 637
1 954 143
3 735 931 240 804
1 875 690
3 59 2151 738 438
1 438 96
1 478 743
2 188
1 484 868
1 288 878
1 392 116
1 502 386
1 21 958
1 767 383
3 367 3671 173 95
1 927 51
1 812 111
1 79 372
1 184 648
1 743 114
1 54 497
1 955 512
1 27 417
1 122 782
1 23 359
1 512 510
3 977 9771 146 505
3 262 2621 244 611
2 868
3 962 9622 110
1 222 317
1 289 239
1 531 786
2 800
2 133
1 729 94
2 626
3 824 8243 84 841 698 231
1 202 820
2 616
1 980 653
3 702 4321 110 11
1 82 753
2 682
1 988 160
3 867 3393 363 3633 77 1461 290 579
1 868 85
1 337 860
1 794 1000
1 1000 285
1 351 549
1 285 978
1 111 227
1 274 201
1 496 909
1 978 498
1 800 926
2 804
1 804 57
2 681
3 55 6461 495 80
1 57 230
2 417
1 230 209
1 95 1000
1 639 199
3 159 1591 813 987
1 552 206
1 724 646
1 366 640
1 382 856
2 371
1 206 727
3 135 3791 519 211
1 909 774
1 572 578
2 180
1 706 770
3 146 5053 735 3681 294 335
1 775 552
1 926 567
1 310 832
1 509 733
1 781 74
3 391 3911 3 820
1 180 960
1 742 309
1 185 652
1 183 592
1 133 880
1 592 494
1 986 461
1 960 436
1 417 950
2 240
2 679
1 240 396
1 714 178
1 498 683
1 178 885
3 21 213 109 191 885 454
3 963 9631 454 243
1 377 165
1 243 979
1 437 620
1 375 71
2 318
1 786 223
2 484
1 71 283
1 283 932
1 227 548
2 147
3 925 2591 657 149
1 371 473
1 205 520
1 856 157
1 292 152
3 581 5811 458 416
1 416 698
3 884 6271 231 224
1 637 208
1 224 251
2 234
2 386
1 640 282
1 147 706
1 866 462
1 751 570
1 282 922
1 922 857
1 857 762
2 293
1 655 844
3 76 5763 448 4481 844 10
1 369 661
1 5 764
1 10 805
1 805 255
1 872 624
3 575 5241 50 512
1 331 63
1 760 247
2 925
1 63 828
3 523 8311 80 991
3 239 6141 115 407
3 15 151 991 48
1 48 1
1 582 544
1 854 653
1 128 977
2 271
1 488 490
3 795 7951 748 707
2 330
1 977 470
1 861 250
1 470 261
1 261 823
1 98 986
2 935
1 484 45
2 554
1 45 998
1 998 249
2 838
1 249 469
1 469 643
1 422 197
1 399 558
1 306 884
1 558 663
2 89
1 663 997
1 851 482
1 997 427
1 427 299
2 669
3 617 6172 908
3 159 1591 506 317
1 84 514
2 910
3 15 151 829 536
2 412
1 910 520
1 718 928
1 299 765
3 162 1621 765 958
3 675 6391 619 308
1 958 528
1 570 786
3 806 8061 528 190
3 130 1302 445
3 772 3081 732 355
1 190 150
1 150 646
3 842 1242 266
1 911 317
1 55 347
1 669 145
1 266 708
1 101 349
2 348
3 670 7593 980 2601 708 569
2 601
1 258 848
1 245 29
2 255
2 126
2 393
3 140 1401 573 582
1 126 730
1 300 403
3 379 8241 348 578
2 797
1 255 975
2 107
3 357 3571 863 383
1 461 252
1 598 717
3 104 1043 718 7491 994 624
1 975 155
1 155 207
1 364 907
1 78 462
2 591
1 237 751
1 107 378
3 187 1871 284 679
1 578 737
3 601 6012 958
1 968 648
2 134
1 898 914
2 217
1 67 765
1 207 203
1 203 129
1 129 626
2 526
3 584 5843 368 3682 816
1 408 785
1 626 397
1 397 662
1 662 775
1 494 307
1 307 229
2 477
3 724 7241 229 410
2 851
1 816 741
1 741 387
1 387 928
1 928 44
1 517 28
1 192 170
1 94 991
3 654 4581 958 554
2 281
1 489 975
1 554 733
1 733 120
1 120 797
1 797 745
1 745 838
1 548 848
1 838 966
3 609 5253 288 2881 966 591
2 875
1 591 241
3 66 661 169 217
2 604
2 197
1 462 668
1 315 196
1 930 14
1 241 499
3 430 4301 297 483
3 51 511 624 985
3 79 511 112 526
3 210 2501 526 89
1 265 33
3 615 6151 604 368
3 287 9441 89 217
1 217 886
1 886 281
1 281 474
1 134 660
2 370
1 660 53
1 53 589
1 589 672
1 985 370
1 839 614
2 999
1 40 581
3 784 3441 672 78
1 668 400
1 400 785
1 785 477
1 477 753
3 945 4361 753 438
2 794
1 794 62
1 386 834
1 234 357
1 357 398
1 398 493
3 516 5162 148
1 148 227
3 171 4591 493 300
1 403 761
1 182 19
1 384 814
1 999 298
1 652 174
1 757 362
1 19 865
1 197 263
1 263 144
1 144 179
2 955
1 179 972
1 972 657
1 149 482
2 568
1 482 542
1 542 893
1 334 179
1 893 920
1 920 286
3 133 8801 286 854
1 653 236
3 417 7131 983 277
3 525 5253 157 5823 851 8512 123
1 123 437
1 236 440
1 964 940
1 940 372
3 274 2741 955 87
1 87 723
1 782 6
1 723 736
1 736 768
1 633 692
2 216
1 901 878
1 216 320
1 320 226
1 226 370
1 370 98
1 252 782
1 6 875
1 875 681
1 681 225
1 225 535
1 535 710
1 710 568
1 568 874
1 874 780
3 115 8491 780 651
3 490 4901 220 697
2 444
1 651 428
3 308 8021 428 271
1 271 58
1 58 609
1 609 938
3 987 6831 938 796
1 796 562
1 562 393
1 393 246
1 246 268
2 265
1 268 603
1 603 617
1 353 321
2 82
1 617 918
3 272 2721 918 195
1 195 630
1 630 296
3 946 9462 347
3 724 7243 92 921 296 430
1 430 69
1 69 703
1 703 52
1 52 451
1 451 390
2 813
1 390 319
1 319 413
2 751
1 413 163
1 507 941
1 163 188
1 188 352
1 352 612
1 612 801
3 189 1893 970 1063 289 3111 181 528
1 483 879
1 347 265
1 265 632
1 632 26
1 26 688
1 316 49
1 688 480
1 577 562
1 480 237
1 751 689
2 525
1 941 943
1 943 766
1 766 833
1 833 86
3 579 7291 86 156
1 156 565
3 345 3441 529 290
1 565 336
1 336 293
3 594 1041 293 91
3 232 2321 811 345
1 91 530
3 802 8023 316 3161 530 395
1 395 330
2 365
1 616 845
3 175 9121 330 929
2 944
1 929 140
3 714 1262 361
2 872
3 142 6182 34
1 140 22
1 989 857
1 22 755
2 844
2 435
1 755 513
2 157
2 626
1 513 544
1 844 191
1 191 610
3 907 9073 196 1962 855
1 610 132
3 999 5502 134
1 412 562
2 381
1 134 230
3 166 4682 364
1 813 993
3 945 3592 751
1 993 647
2 868
1 157 326
3 812 8122 142
2 470
1 751 916
1 916 828
2 775
1 470 88
3 547 5723 747 7472 724
1 88 851
2 668
1 851 992
3 189 5153 518 5183 119 1192 769
3 384 3841 992 158
2 306
1 158 333
3 124 6392 166
1 333 693
3 867 6152 37
1 166 159
3 486 8842 109
3 368 3681 356 655
2 424
1 775 125
3 367 3672 726
1 424 194
2 634
1 194 10
2 970
2 799
1 799 740
1 444 463
2 272
1 626 672
2 835
2 559
2 400
1 835 431
1 668 872
1 872 318
2 830
1 318 968
3 72 2972 738
1 648 634
2 366
1 366 592
3 30 302 481
1 634 597
2 831
1 597 363
3 60 603 606 6063 834 3863 989 6113 784 7842 865
1 363 34
3 712 5812 654
1 34 408
3 691 1792 838
1 865 44
3 506 3173 757 7572 189
1 365 484
2 566
1 838 139
3 189 1892 853
1 139 982
3 384 3843 443 8742 905
1 982 445
3 131 1313 260 2602 335
1 445 538
3 257 7203 4 42 105
1 935 278
2 591
1 538 769
2 918
1 769 876
3 164 9713 956 9563 475 4752 177
1 876 925
2 484
1 484 713
3 565 8333 341 7992 779
3 559 5592 972
2 285
1 654 287
2 60
1 779 830
1 830 32
3 770 8121 970 415
2 709
1 415 807
3 499 4992 304
3 667 1801 218 720
3 507 863 131 872 771
1 925 162
2 993
1 831 142
3 792 1543 706 7062 961
2 176
2 955
1 853 252
1 559 706
2 47
1 142 47
1 993 704
2 752
1 47 64
3 565 9292 894
1 955 692
2 385
1 918 411
3 734 7343 924 9242 688
1 411 68
3 350 2433 38 5662 941
1 68 525
2 372
1 525 75
3 835 8852 669
2 500
3 806 8061 364 583
1 669 927
2 262
1 372 811
3 894 8942 493
2 503
1 726 203
2 4
1 493 944
1 944 291
3 17 172 555
1 500 1000
3 10 2612 297
1 291 262
2 871
1 262 868
3 216 3303 867 8672 788
1 435 99
2 639
1 868 18
2 1
3 239 2391 285 713
2 807
2 775
3 973 2101 555 732
1 807 800
2 144
1 1 995
3 985 9853 590 4863 283 3753 876 8993 237 2373 896 6052 432
1 306 243
2 488
1 775 894
2 142
2 720
1 894 313
1 142 304
2 851
1 304 590
3 295 6422 968
1 972 19
3 978 4982 590
1 590 302
3 459 6202 319
2 104
1 176 311
1 699 101
2 998
1 905 981
3 195 1953 330 1562 500
3 218 2571 968 776
2 320
1 694 712
3 91 7662 743
1 752 215
2 880
1 776 678
3 333 9922 596
1 720 790
3 455 4553 39 8912 15
1 790 540
2 479
2 603
1 788 366
3 283 6052 561
1 603 612
3 185 1853 954 331 500 19
2 248
1 688 423
2 842
2 962
1 320 806
1 806 335
2 811
2 84
1 335 409
2 130
3 766 3361 385 481
1 213 103
2 208
1 144 695
3 464 4643 912 6963 604 7352 853
1 481 503
2 839
1 503 144
3 147 133 825 9492 31
1 855 270
2 339
1 270 977
3 673 6733 866 3433 243 3412 855
2 906
2 124
1 855 854
1 811 84
1 84 367
3 346 8672 825
2 769
3 699 7011 825 971
3 25 8771 30 843
2 284
3 274 2741 367 574
3 180 5573 534 5243 694 6942 903
2 640
3 346 3461 851 523
1 574 853
3 718 7492 489
1 853 711
3 207 7263 597 1843 898 8982 63
1 711 665
3 922 2823 436 893 473 7143 72 4833 563 5632 785
1 665 7
2 197
3 161 9601 7 709
3 368 1333 734 7343 784 6132 18
2 789
1 709 705
1 705 690
3 904 9043 693 3333 604 7353 962 9622 573
3 226 3241 690 96
2 279
1 785 346
2 335
1 279 270
2 877
1 335 99
3 677 7562 830
1 566 944
3 891 8913 414 7993 846 8463 307 1942 51
1 99 509
2 385
2 471
1 769 7
1 591 449
3 261 2612 695
2 851
1 839 352
1 18 358
2 846
1 830 72
2 721
1 851 825
3 818 8183 127 3753 919 9193 798 382 29
2 913
1 471 63
1 695 707
3 618 1022 531
3 576 5761 63 402
2 342
1 208 669
3 374 3743 460 4342 517
2 518
1 51 725
1 342 731
3 621 6212 422
1 731 52
2 716
1 319 845
3 330 7663 890 8902 549
1 845 744
2 931
1 744 394
3 787 4912 410
1 248 782
2 166
1 394 104
2 180
1 104 667
2 576
1 180 118
2 401
1 118 842
2 252
1 842 292
2 482
1 410 631
3 643 6432 745
3 645 6451 631 15
3 586 5862 140
3 196 1961 573 579
3 770 5592 753
2 301
1 745 451
