1 214 211
1 195 419
1 418 573
1 623 434
1 819 995
1 585 38
3 937 9371 574 697
1 444 486
1 976 899
1 260 975
1 180 190
1 975 898
1 824 19
1 399 562
1 651 451
1 984 381
3 797 7971 821 89
3 617 6171 49 803
1 197 172
1 346 172
3 678 6781 355 201
1 462 179
3 689 6891 361 109
3 548 5481 880 779
3 635 6351 505 191
1 338 717
1 273 122
1 25 118
1 32 206
1 507 791
1 230 907
1 842 875
1 983 233
1 156 763
1 249 603
1 969 38
1 955 920
3 110 1103 946 9461 521 290
1 875 657
1 913 294
1 668 772
3 104 1043 693 6931 993 716
3 461 4611 240 911
3 829 8291 515 289
1 730 334
1 513 646
3 664 6641 48 886
1 735 33
3 2 21 805 607
1 740 7
1 954 417
1 739 650
1 715 58
1 196 579
1 465 345
1 389 263
1 949 146
3 981 9811 59 286
3 185 1851 731 851
3 504 5041 21 314
1 896 429
1 785 725
3 483 4831 350 192
1 349 484
1 244 365
1 77 959
1 911 52
1 649 982
1 925 868
1 376 273
1 963 948
3 421 4211 948 418
1 380 889
3 722 7221 868 961
1 288 980
1 707 88
1 733 601
1 525 599
3 610 6103 754 7543 943 9431 211 677
1 345 321
1 800 988
1 294 757
3 327 3271 133 677
1 99 935
3 313 3133 625 6251 413 69
1 663 32
1 705 738
1 183 533
1 351 96
1 172 798
1 367 188
1 848 318
1 754 22
1 306 510
1 728 160
3 940 9401 340 867
1 484 371
1 477 3
1 332 622
1 552 884
2 505
3 68 681 798 174
3 731 8511 763 92
1 366 145
1 52 562
1 174 336
1 12 209
1 874 418
1 767 917
1 448 565
1 935 955
1 112 700
1 153 511
1 816 941
1 8 824
1 145 235
1 30 187
1 458 518
1 466 421
3 427 4271 188 545
1 779 887
2 349
1 611 726
1 898 372
1 973 234
1 565 566
2 240
1 919 941
1 235 995
1 450 793
3 996 9961 423 35
2 361
1 510 890
1 198 837
2 355
1 698 574
1 666 917
2 728
1 42 446
1 263 211
1 193 570
3 615 6151 664 883
2 515
3 830 8301 747 303
1 46 333
1 298 451
1 573 145
3 666 6662 42
3 743 7431 799 64
1 111 362
1 169 827
1 748 948
1 373 555
3 595 5951 645 895
1 157 161
3 846 8463 504 5041 22 672
1 542 101
1 650 625
3 153 5111 571 717
1 618 965
3 341 3411 206 844
1 873 794
1 95 290
1 337 513
3 198 1981 300 889
3 605 6051 336 913
1 73 578
2 206
2 462
1 836 109
1 163 244
1 808 285
1 945 669
3 154 1541 837 871
1 209 489
2 21
1 720 809
1 416 819
1 434 290
1 889 121
1 356 580
3 779 8872 169
3 906 9061 876 341
1 4 31
1 883 370
1 995 755
1 679 811
3 667 6671 626 295
1 504 754
1 292 500
1 137 871
3 845 8451 1000 403
1 493 968
3 566 5651 383 365
1 648 261
1 516 788
3 964 9641 210 33
1 489 660
1 958 35
1 455 785
1 498 504
1 74 575
3 819 8191 968 691
1 368 668
3 282 2822 779
3 491 4911 218 403
1 743 620
1 58 629
1 904 815
3 684 6841 760 458
1 732 286
1 572 829
1 310 72
1 372 882
1 321 31
1 907 36
3 949 9493 178 1781 135 357
1 381 683
1 511 932
3 778 7783 376 3761 357 830
1 206 527
1 944 253
1 408 390
2 510
1 761 278
3 217 2173 940 9401 109 917
1 90 647
1 928 12
1 580 112
1 855 186
3 973 9731 290 279
3 32 6631 86 10
3 832 8321 27 783
1 251 242
1 35 688
1 683 929
2 444
3 49 492 193
1 899 367
1 938 102
1 480 344
1 994 586
1 950 36
2 416
3 404 4041 403 734
1 839 295
1 410 644
1 379 626
1 660 634
1 128 55
1 681 694
1 527 557
1 92 685
1 523 210
1 329 447
2 73
1 352 105
1 301 573
2 963
1 853 892
1 953 377
1 717 21
1 394 588
1 755 917
1 578 986
2 848
1 721 999
1 610 668
1 362 19
1 751 980
1 233 262
1 370 864
1 225 965
1 769 153
3 943 9431 847 461
1 88 25
3 874 8741 122 903
1 69 862
1 594 421
3 657 6572 90
1 642 648
1 119 517
1 459 519
1 167 316
1 772 761
2 408
1 692 940
1 140 995
2 748
1 716 589
1 120 806
2 953
1 33 86
1 479 464
2 944
2 321
2 119
1 634 648
3 750 7501 478 273
1 548 491
2 855
1 469 911
1 127 263
1 857 929
1 700 970
1 72 801
1 318 807
1 910 82
1 164 392
1 85 538
3 141 1412 206
1 487 365
1 843 702
1 182 219
1 415 21
1 304 285
3 282 2821 441 523
1 939 46
1 442 951
1 625 250
2 755
1 846 67
1 10 558
1 970 709
1 148 704
1 864 662
1 849 40
1 212 695
3 462 4621 500 635
1 840 126
1 553 193
3 728 7281 757 678
1 429 25
1 952 794
2 48
1 526 111
1 536 428
1 170 898
1 371 524
1 191 562
3 83 831 563 95
3 373 3733 873 8733 663 6632 733
1 199 451
1 781 219
1 602 977
1 219 716
1 222 347
1 742 286
1 158 39
1 869 998
1 171 713
3 379 3792 306
1 871 813
1 360 508
1 189 755
1 682 847
1 992 181
2 290
2 465
2 352
1 920 378
1 936 837
1 656 327
1 734 315
3 79 791 835 925
1 378 410
1 334 443
3 820 8203 356 5801 688 123
1 439 820
1 888 815
3 636 6361 117 685
1 471 926
1 421 486
2 767
2 571
3 482 4822 128
1 980 269
1 755 789
1 89 683
1 123 92
2 876
1 76 125
1 820 61
3 741 7411 200 545
1 978 326
1 655 356
1 793 645
1 38 440
1 979 383
1 667 136
1 79 755
1 812 888
1 678 962
1 758 502
1 773 665
1 677 248
1 736 693
2 135
3 679 6791 588 968
2 983
1 791 789
1 628 68
1 827 370
2 49
1 440 332
2 513
1 17 283
1 750 899
1 685 25
1 566 971
1 315 349
1 302 818
2 366
1 737 772
1 867 359
1 646 574
1 689 652
3 753 7531 818 171
1 248 758
2 521
1 558 239
1 971 674
1 118 693
1 665 155
2 816
1 813 36
1 719 491
1 443 422
3 309 3091 870 116
3 35 4231 929 624
1 762 121
2 874
1 286 21
1 126 114
1 713 87
1 252 281
1 858 399
2 22
1 644 722
1 589 210
1 365 237
1 947 625
1 352 22
1 26 645
1 237 227
2 72
1 78 641
1 519 786
1 39 526
1 877 66
1 777 356
1 284 37
2 123
2 252
1 96 337
2 251
1 903 23
2 548
1 425 866
1 486 683
1 702 248
1 884 588
1 456 873
2 580
1 654 896
1 382 267
1 461 702
1 250 490
1 497 170
1 123 223
1 512 366
1 308 381
3 914 9141 142 456
3 450 6451 451 558
3 623 6231 502 488
1 624 981
1 887 709
3 38 9691 518 945
1 138 402
1 161 238
1 997 830
3 90 902 458
3 664 6641 905 675
1 317 274
3 304 3043 796 7961 691 993
1 488 644
1 270 639
1 576 253
1 262 892
2 819
2 565
1 364 769
1 414 950
3 1000 10001 165 767
2 163
1 635 603
1 601 892
2 300
1 879 70
2 380
2 78
1 326 170
1 786 498
1 533 746
1 34 509
2 527
1 926 568
3 39 391 53 675
1 860 87
3 878 8781 485 909
1 108 459
1 467 91
1 23 985
1 892 138
3 167 1672 572
2 317
1 722 457
3 768 7682 189
1 227 294
1 278 756
1 51 255
1 314 91
1 366 65
1 428 573
1 422 462
1 822 186
1 515 997
1 962 771
1 764 521
2 197
3 587 5871 528 625
1 349 649
1 794 977
1 136 815
1 177 832
1 575 906
1 830 151
1 851 69
1 823 606
1 599 476
1 895 842
1 862 553
1 796 566
1 932 1
1 15 812
3 525 5251 953 403
3 731 7311 61 921
1 693 431
1 977 568
1 344 605
1 359 149
1 674 803
1 449 202
1 541 993
1 185 296
3 719 7191 146 12
1 234 470
1 771 374
1 19 960
1 460 942
2 434
1 87 430
3 447 4472 177
1 139 823
2 368
1 985 841
1 675 383
1 186 618
1 741 43
1 457 483
1 789 775
1 811 246
1 999 956
3 881 8811 901 174
1 247 398
3 990 9902 623
3 706 7061 101 87
1 11 387
2 858
3 547 5473 999 9993 831 8313 588 5883 154 1541 483 469
1 155 793
1 841 516
1 956 52
1 256 250
1 775 568
1 385 123
1 246 50
2 441
1 933 953
3 732 7421 106 955
1 545 690
1 834 784
1 779 628
1 121 69
3 321 3451 709 779
1 909 650
1 411 821
1 703 838
1 238 514
3 487 4872 731
2 541
1 259 10
2 926
1 402 458
1 897 922
3 7 71 239 277
1 562 484
2 895
1 255 658
1 361 652
2 448
1 316 731
2 488
1 31 769
3 318 3183 758 2142 360
1 494 464
1 447 882
1 468 753
1 816 382
1 726 816
3 604 6041 197 537
1 878 342
3 975 2601 959 442
1 277 485
1 756 591
3 610 7611 767 368
3 39 391 431 802
2 552
1 583 811
1 151 560
1 951 667
1 560 824
3 200 2001 541 369
1 300 192
1 22 70
1 782 721
1 295 915
3 27 271 723 405
1 271 235
1 70 475
2 732
2 822
1 696 220
1 21 287
1 855 35
1 13 204
1 981 837
1 420 443
1 982 312
1 114 240
1 98 726
1 253 954
1 524 645
1 36 15
1 728 765
2 1000
1 296 496
1 322 394
1 960 522
1 961 409
1 490 690
3 299 2991 492 662
1 267 826
3 887 8873 318 3181 895 215
2 541
2 98
1 579 630
1 819 557
1 915 259
1 306 79
1 430 990
1 472 36
1 527 814
1 815 8
2 197
1 426 96
1 568 104
1 522 341
1 788 934
1 217 305
1 802 35
1 557 755
1 104 853
1 513 203
2 618
1 1 273
1 299 1
1 323 767
1 223 136
3 579 5791 632 358
1 852 235
1 458 938
1 254 750
1 215 54
1 669 806
1 672 105
1 341 873
1 690 577
3 292 2923 301 5571 987 861
1 312 119
3 939 9391 580 643
1 577 985
1 90 255
1 261 23
1 462 328
1 102 323
3 421 4662 830
2 690
2 837
2 195
1 56 625
1 144 465
3 462 3281 555 772
1 54 175
1 491 277
2 295
3 456 1421 768 454
1 141 305
1 488 855
3 720 7201 60 817
1 690 667
1 68 838
2 542
1 184 423
1 622 288
1 417 899
1 162 226
1 368 148
1 175 981
3 167 1673 987 9871 830 453
3 114 1141 65 921
3 896 8961 470 35
1 704 300
1 744 943
1 331 26
1 886 123
1 107 448
3 935 9351 305 348
2 426
3 325 3251 662 310
1 957 107
1 988 417
1 706 8
1 374 118
1 616 790
1 514 772
1 604 998
1 597 28
1 581 703
1 80 531
2 626
3 461 7503 245 2453 277 5891 20 526
2 897
1 934 345
1 192 940
1 940 720
1 837 674
1 806 786
3 273 6601 809 61
3 254 2543 94 941 203 558
1 1000 503
1 653 154
1 202 422
3 828 8281 921 875
2 767
1 454 285
1 767 983
1 591 893
2 460
1 844 202
1 986 770
1 906 261
3 319 3191 355 521
3 329 3291 47 615
1 983 687
1 72 625
1 173 700
1 687 103
1 103 196
1 347 191
1 293 273
1 725 912
1 517 979
3 49 493 799 7991 169 462
1 369 136
1 125 180
1 152 217
1 630 828
1 828 110
1 506 602
3 468 4681 289 465
1 803 633
1 189 823
1 390 992
1 863 457
2 913
1 190 170
1 193 438
1 110 222
1 406 797
1 893 586
2 247
1 6 356
2 921
1 680 483
1 615 362
3 334 1691 633 933
1 922 417
1 119 205
1 187 727
1 205 390
2 254
2 982
3 505 5051 320 652
1 438 878
1 732 241
1 982 40
1 965 133
1 40 858
3 167 1671 921 226
1 858 668
1 547 997
2 692
1 780 80
1 586 42
1 42 769
3 64 7991 882 400
1 328 487
1 321 48
1 503 541
1 48 704
1 226 501
1 817 247
1 605 418
1 838 642
1 501 627
3 268 2681 50 715
1 917 657
1 269 114
1 627 766
1 606 985
3 964 9641 766 901
1 913 163
1 163 571
1 571 98
2 108
1 276 801
2 238
1 82 23
1 98 160
2 928
3 707 7073 185 1852 824
1 643 885
1 160 671
1 475 612
2 137
1 943 920
3 410 8631 448 819
1 671 335
3 507 5071 824 242
3 466 4661 242 957
1 409 621
1 309 614
1 335 596
1 941 744
3 271 2711 774 925
1 325 472
2 771
1 612 271
2 910
3 477 4771 596 280
2 518
3 123 6021 2 934
1 236 503
3 615 471 280 534
2 994
1 534 946
1 195 2
1 64 2
1 946 217
3 30 1871 348 179
3 478 4782 89
1 179 288
1 240 850
1 621 435
1 850 629
1 333 982
1 603 95
1 629 663
1 206 740
2 722
2 762
1 7 711
1 711 780
1 531 154
3 121 8622 936
2 479
1 885 224
1 154 318
1 400 106
3 976 9761 287 637
1 807 443
1 722 988
1 771 90
2 6
1 923 413
1 542 380
1 963 329
1 658 232
1 384 563
3 760 7601 419 429
1 221 607
1 637 32
3 185 2961 232 166
1 166 216
1 216 339
2 239
1 673 565
1 554 984
1 861 726
1 339 13
1 521 425
1 204 177
1 94 420
3 332 5141 177 270
1 49 698
1 639 229
2 206
1 238 594
3 59 593 360 3601 600 818
3 890 8901 206 597
1 360 42
2 761
1 28 337
1 761 251
1 239 476
1 401 423
2 11
1 251 169
1 910 802
2 414
1 229 931
1 614 397
2 96
1 435 196
1 931 285
1 285 703
1 201 244
1 181 896
3 549 5491 476 113
1 937 702
1 113 503
1 826 136
1 9 270
1 41 949
1 313 424
2 313
1 572 342
1 541 831
1 444 903
2 27
1 590 740
1 131 172
1 353 810
1 831 862
1 342 930
1 738 825
1 930 712
1 865 774
1 676 35
3 26 4103 384 5001 765 283
2 399
1 281 62
1 712 875
1 638 173
1 657 159
1 159 495
2 663
1 652 360
1 495 931
3 632 6321 866 973
1 257 69
1 663 275
1 914 847
1 275 44
1 44 265
3 325 563 673 6731 265 890
3 85 851 890 549
1 549 632
1 358 55
1 990 456
1 55 279
1 279 424
2 299
1 897 292
1 412 284
3 508 5081 116 828
1 595 842
2 851
1 424 96
2 136
1 636 185
1 96 380
1 570 272
1 136 675
1 380 705
3 636 6361 825 974
1 974 620
1 290 164
3 230 2301 620 830
1 453 552
1 213 72
1 416 346
2 682
2 46
1 552 723
1 848 915
3 355 3553 421 3082 977
1 977 96
3 569 5691 24 268
1 405 908
1 714 448
3 591 4981 66 765
1 908 220
1 220 912
1 912 83
1 83 67
1 247 870
3 948 9481 91 363
1 746 137
1 546 320
1 67 194
1 194 874
1 874 643
3 355 9733 212 6951 224 176
2 153
1 176 694
1 694 746
1 137 274
1 731 417
1 274 81
1 81 360
1 153 872
1 872 684
3 108 1082 379
1 392 947
1 942 272
1 618 854
2 280
1 280 652
3 689 6891 900 410
2 235
2 922
1 397 654
1 684 948
2 163
1 163 846
3 952 4562 800
1 235 465
1 465 75
2 106
1 75 437
1 398 72
1 437 759
2 257
1 759 149
1 149 426
1 928 919
1 426 561
1 105 168
1 561 441
1 407 25
1 106 192
2 70
1 441 924
1 924 797
1 609 14
1 245 317
1 797 414
1 414 986
1 770 922
1 922 432
1 432 544
3 871 3251 544 641
2 352
1 641 143
1 460 934
1 143 876
1 876 16
2 992
1 16 479
3 815 7913 179 9691 479 609
2 50
1 408 314
1 3 836
1 14 393
2 122
1 393 78
1 548 911
1 78 50
3 903 9031 50 395
3 182 8081 395 682
1 682 918
1 918 130
2 109
1 130 132
1 132 313
1 313 412
2 157
2 954
1 37 257
1 109 715
3 435 4501 70 535
1 257 891
1 891 550
3 431 6542 416
2 600
1 550 100
1 100 5
1 5 272
1 926 259
1 272 527
1 659 428
1 814 258
1 790 532
1 258 636
1 496 205
1 992 646
3 364 3641 697 708
1 708 281
1 972 111
1 62 559
1 559 363
1 363 776
1 509 765
1 776 741
1 43 869
3 482 4821 998 762
1 535 447
1 762 511
1 122 221
3 280 4393 98 5711 607 297
3 477 4771 297 954
1 954 729
2 229
3 571 5713 865 8653 440 5853 523 5961 229 901
3 739 7391 701 558
1 729 157
1 157 833
3 571 5711 833 93
1 93 17
1 733 584
2 900
1 283 520
1 520 464
2 648
1 464 927
1 648 705
3 480 4801 927 282
1 282 518
3 171 3022 574
3 707 7072 312
2 1
3 82 822 714
2 435
1 1 934
1 574 71
3 20 201 71 699
3 495 2871 699 551
1 551 902
1 902 375
1 718 278
1 89 323
1 375 619
1 168 558
1 783 786
1 619 954
2 547
1 518 804
1 804 330
1 330 46
3 201 2011 46 468
1 753 795
2 975
2 972
1 795 387
3 184 1841 567 145
1 387 692
1 692 433
1 433 856
1 856 187
2 795
1 795 268
2 68
2 860
1 268 829
1 829 207
1 792 210
1 207 745
1 989 421
1 745 747
2 904
1 303 994
1 994 695
2 602
1 695 944
1 944 709
1 68 427
1 427 618
3 378 991 854 379
1 379 538
2 823
1 538 499
3 949 9491 499 602
2 411
1 84 871
1 602 299
2 130
3 916 9161 130 478
2 300
1 299 291
1 975 655
1 291 996
1 996 741
2 194
2 478
1 228 652
1 194 543
2 820
1 543 260
1 478 741
1 300 510
1 820 773
3 376 3751 510 967
3 519 4591 967 27
1 27 435
1 324 382
1 435 29
1 29 208
1 208 686
3 91 911 686 18
1 823 285
1 18 508
1 508 616
1 532 598
2 182
1 598 656
1 327 810
2 783
1 810 881
1 881 474
1 474 617
1 617 254
1 254 593
3 132 1322 491
1 593 481
1 481 295
1 661 979
2 802
1 295 374
2 326
1 505 447
1 802 748
2 691
1 748 252
1 252 187
3 512 3662 485
1 727 482
1 482 966
1 966 446
1 434 731
3 949 9493 456 2752 840
1 446 840
3 49 5203 484 9812 866
1 840 108
2 268
1 108 783
3 60 8173 305 3623 219 6302 986
1 268 10
2 477
1 986 321
2 61
1 343 485
3 390 2972 532
1 532 311
2 431
1 311 30
2 996
1 783 565
3 871 4022 269
3 583 5832 602
1 565 303
1 241 878
3 7 7802 657
1 602 963
2 509
1 61 736
3 910 9103 897 8972 505
1 431 10
3 132 1322 83
1 657 142
3 284 5502 968
1 83 38
3 265 2653 36 3242 345
1 269 697
2 281
1 281 473
2 315
1 473 11
3 333 3282 934
1 11 583
2 702
2 253
1 934 197
2 658
1 197 457
1 315 667
3 47 473 308 5943 879 8793 389 3892 165
1 658 537
3 416 4163 536 9863 824 9573 146 1463 528 5283 56 6033 733 7333 22 2042 561
1 537 344
2 604
1 968 658
2 158
1 561 991
2 534
1 866 690
3 740 5903 897 8972 370
1 991 386
3 945 9452 365
1 365 274
2 395
1 395 253
3 852 8522 646
2 512
1 253 356
1 386 291
2 915
2 114
2 366
1 996 147
1 147 396
3 180 1251 396 388
3 698 6192 934
3 4 41 388 130
3 978 9783 325 8122 848
1 934 100
3 512 5123 445 4452 901
1 6 853
2 163
1 646 452
3 139 1392 633
1 452 584
3 548 7822 544
1 626 379
2 906
1 633 622
2 676
1 584 936
3 916 9162 847
1 544 698
3 924 4352 249
1 936 639
2 721
1 509 584
3 357 1383 429 2543 71 3762 799
1 901 436
2 585
1 436 724
2 464
1 464 142
2 729
1 724 954
3 469 1212 102
1 729 158
2 166
1 158 613
3 47 6152 460
1 613 165
3 79 3062 755
3 292 2921 165 853
2 758
1 102 845
3 368 1483 647 6473 455 4553 391 3913 330 9393 256 2562 410
1 845 941
3 99 992 914
1 410 211
3 922 6982 252
1 758 670
2 244
1 755 9
3 91 913 223 3372 15
1 670 714
2 734
1 73 583
2 979
3 823 5811 714 276
3 144 1443 710 7103 67 8463 140 1403 469 4512 802
1 801 834
3 6 63 189 1892 508
1 784 166
3 582 5822 598
1 166 604
3 812 8153 982 8583 94 8952 511
1 511 131
2 169
3 564 5641 163 406
3 311 5322 770
1 508 84
3 401 9593 955 992 992
1 15 516
2 862
1 862 666
2 240
1 992 847
2 777
3 839 4192 430
1 847 702
1 702 698
2 246
1 604 456
2 632
1 246 649
2 23
2 674
1 169 197
1 674 906
3 315 3152 618
1 906 790
3 650 7502 672
2 234
1 618 663
1 632 377
3 247 882 565
2 509
1 565 45
1 979 634
2 53
1 45 303
2 810
1 377 512
3 157 1572 215
1 215 244
3 312 3122 628
2 7
1 244 692
1 628 848
3 756 7183 338 5972 958
1 848 277
3 876 8763 557 3682 626
1 485 234
2 165
1 165 674
2 218
3 881 8811 234 391
2 293
2 379
1 243 966
1 178 286
2 613
1 613 111
2 561
1 391 353
2 346
1 810 600
2 194
1 734 421
3 24 243 799 7992 692
2 8
1 561 1
1 692 566
3 682 6823 882 9852 282
1 600 326
3 76 762 552
1 352 888
2 336
1 512 214
3 156 7632 268
1 552 649
3 989 9892 827
1 326 800
3 740 72 195
1 800 319
2 577
3 488 5001 319 126
2 69
1 8 259
3 977 4933 712 8752 831
2 462
1 777 624
3 722 6441 114 32
3 718 7183 991 3862 866
1 831 346
2 420
1 7 101
3 857 8573 874 2142 854
1 749 739
3 263 6272 401
1 346 130
3 474 4742 567
1 336 569
2 619
1 619 622
2 951
3 789 5681 569 379
2 105
1 379 82
3 923 4132 785
1 23 799
3 850 8502 316
1 799 587
2 389
1 587 34
2 220
1 430 951
2 795
2 981
1 509 984
1 981 422
2 870
1 564 962
2 975
1 462 401
3 596 5963 611 6112 995
1 401 647
3 546 5463 884 8843 903 9032 726
2 791
1 647 764
1 866 748
3 964 9642 364
1 252 787
3 502 5023 444 4443 680 6802 437
3 94 941 787 546
2 270
1 437 854
3 932 9323 644 6443 85 8793 450 4503 796 7962 300
1 854 366
2 179
1 366 914
3 112 1122 297
1 914 951
3 502 5023 328 3283 127 1273 470 4703 614 3093 988 8993 367 1883 623 6233 309 3092 236
1 592 973
2 746
1 951 282
3 73 733 132 372 728
1 282 533
3 689 6893 905 2902 899
3 972 9721 179 636
2 730
2 897
1 270 997
2 871
2 322
1 746 105
1 105 60
1 870 582
2 779
1 582 420
2 176
1 779 200
3 25 7392 286
2 400
1 420 260
1 236 217
2 170
1 975 59
3 444 4443 323 7672 248
3 882 5042 950
2 16
2 188
3 679 6791 286 370
1 370 460
1 460 576
1 176 69
2 250
1 69 46
2 963
1 795 143
2 934
1 16 127
3 272 3902 620
1 248 329
2 493
1 400 714
3 723 7232 961
1 399 953
3 756 7563 204 2163 676 6763 706 7062 357
1 620 728
2 494
1 728 608
2 43
2 824
1 608 899
1 899 770
3 376 2733 828 9422 479
1 43 271
3 289 2892 579
1 194 216
3 867 8673 836 33 64 642 125
3 349 3491 770 367
3 218 2183 821 3232 85
1 188 505
2 838
1 505 635
3 277 277