1 785 949
3 138 1381 162 601
3 593 5931 515 849
1 109 947
1 275 222
3 377 3771 902 824
1 195 168
1 919 77
1 524 223
1 340 967
1 566 453
3 785 7851 347 760
3 603 6031 758 553
3 403 4031 720 128
1 482 961
1 318 604
3 145 1451 489 577
1 756 22
1 485 435
1 630 915
1 853 282
1 22 327
3 676 6761 694 731
1 646 50
3 463 4631 682 881
1 147 913
1 55 543
1 469 352
1 990 84
1 412 764
1 952 380
1 997 716
3 595 5951 571 544
1 621 129
1 676 58
1 885 511
1 922 46
1 678 242
1 284 677
1 49 727
3 856 8563 825 8253 635 6351 700 841
1 895 494
3 853 8531 506 261
1 241 562
1 356 990
1 886 396
1 46 378
1 425 36
1 158 187
1 480 53
1 882 14
3 178 1783 605 6053 945 9451 976 498
1 784 179
1 238 945
3 954 9541 359 967
1 745 292
1 967 863
1 206 591
1 116 450
1 345 855
1 141 233
1 391 2
1 924 434
1 552 711
1 140 220
1 943 629
1 987 323
3 91 911 175 63
3 614 6141 613 963
3 451 4511 180 8
1 431 788
3 625 6251 420 457
1 972 297
1 179 927
1 2 79
1 905 175
1 333 441
3 680 6801 788 594
1 834 36
1 166 735
1 9 238
1 827 23
1 437 778
1 644 619
1 787 890
1 54 585
1 598 187
1 591 831
3 12 121 873 27
1 727 818
3 756 221 716 170
1 270 930
3 617 6171 223 520
1 928 29
1 396 70
1 159 64
1 766 897
1 623 710
1 20 508
1 171 118
1 233 273
1 155 186
1 797 75
1 941 346
1 523 112
1 47 926
1 323 225
1 268 694
2 834
3 974 9743 456 4561 438 269
3 853 8531 940 840
1 520 854
1 34 818
3 505 5051 85 900
3 765 7652 598
1 283 596
1 337 794
1 754 491
1 771 926
1 553 239
3 912 9121 841 659
1 379 415
1 777 104
1 5 950
1 127 698
1 773 103
3 905 9052 49
1 641 291
1 476 108
1 312 388
1 534 631
1 579 38
1 667 541
1 196 976
1 937 635
1 14 691
1 295 661
1 352 783
1 119 797
1 65 471
1 947 221
1 32 138
1 601 884
1 762 561
3 469 4691 690 448
1 286 18
1 214 361
2 65
3 827 231 467 301
1 207 759
2 886
3 867 8672 207
1 198 712
3 268 2682 159
1 926 407
3 758 7581 619 401
1 248 460
1 404 15
1 618 776
2 340
3 330 3301 297 216
1 77 201
2 297
2 180
1 626 638
1 212 662
1 57 345
1 629 192
1 44 944
1 836 791
1 73 496
2 940
2 926
1 189 452
2 55
1 942 131
1 361 229
3 773 7733 590 5901 267 35
3 136 1361 24 185
1 911 442
1 939 652
1 966 502
1 94 843
2 788
1 148 913
1 307 391
1 832 230
1 585 357
1 563 199
2 116
1 845 958
1 99 327
1 246 142
1 311 919
1 17 444
1 201 571
1 833 266
1 614 772
1 346 101
1 638 646
1 596 943
2 99
1 538 240
1 11 511
1 309 494
1 544 93
1 770 542
1 218 887
1 850 778
1 743 630
1 108 692
1 367 812
1 303 260
1 227 810
1 927 411
1 890 659
1 450 60
3 718 7183 31 311 907 578
1 696 189
1 880 693
1 900 756
1 640 895
1 51 432
1 259 516
1 715 247
1 935 492
3 771 7711 82 706
1 512 702
1 835 565
1 68 926
1 291 687
3 32 321 118 96
2 997
2 268
1 944 569
2 283
1 896 900
1 918 173
3 368 3683 749 7491 401 453
1 13 497
1 125 356
1 376 38
2 9
1 792 436
1 185 529
1 856 614
1 548 712
1 926 552
1 567 668
3 579 3761 687 271
1 282 563
1 800 52
1 121 773
3 674 6742 118
1 448 884
1 872 493
1 35 312
2 614
1 327 5
2 696
2 896
1 977 982
2 882
1 89 800
1 258 207
1 594 778
1 809 797
1 116 374
1 750 330
2 935
1 711 463
2 376
1 266 830
1 357 802
3 640 6401 143 471
2 601
1 651 520
1 290 931
1 778 302
1 199 389
2 579
1 627 126
1 442 704
2 425
1 568 876
1 812 385
1 9 483
3 861 8612 47
1 93 728
1 177 279
1 653 837
1 550 62
3 852 8521 225 951
1 622 145
3 317 3171 165 552
1 53 1000
1 188 813
1 170 636
3 794 3371 103 776
1 824 568
3 54 541 1000 947
1 807 762
1 799 699
1 277 996
1 75 403
1 211 389
1 434 197
2 356
1 99 746
1 261 94
2 162
1 463 758
1 660 301
1 692 334
1 659 610
1 631 60
2 977
3 333 3333 356 3561 253 416
3 714 7141 714 688
3 362 3623 970 9703 743 9151 356 132
3 119 7971 818 210
2 53
1 432 698
1 763 953
1 304 165
2 905
1 980 885
1 203 110
2 694
1 950 558
1 220 407
2 158
1 453 446
1 961 79
1 302 879
1 935 510
1 273 533
1 657 642
1 316 228
1 494 565
2 646
1 55 727
1 234 616
1 728 236
1 798 615
3 193 1931 843 99
1 240 523
1 533 24
1 422 567
1 104 440
1 666 194
3 820 8201 529 585
1 510 847
1 810 997
3 617 6171 389 310
1 769 454
1 577 956
1 839 746
1 403 407
3 961 4821 151 737
1 76 177
3 188 8132 853
1 917 746
1 400 228
1 101 691
1 558 529
3 533 5331 780 329
1 276 355
1 280 354
1 838 97
1 513 133
1 296 335
1 329 556
1 855 953
2 558
3 422 5673 583 5831 746 242
1 264 42
3 151 1511 60 352
3 419 4191 697 933
3 55 551 377 298
3 966 9661 209 955
1 948 932
1 565 4
1 886 230
1 688 769
1 496 230
3 592 5921 4 167
1 562 460
3 774 7741 546 351
1 167 267
1 15 10
1 210 726
1 49 186
1 960 940
2 631
1 301 953
1 162 126
1 525 975
2 836
1 398 629
1 126 520
1 232 62
1 875 7
1 455 955
3 554 5541 48 553
3 159 1591 757 864
3 343 3431 242 304
1 117 523
1 686 532
1 612 848
1 868 230
1 423 826
1 80 100
1 888 988
2 944
2 55
1 498 823
1 194 329
1 97 951
1 736 144
1 83 647
1 788 627
3 886 731 351 321
3 40 403 626 6263 967 8632 784
1 765 187
1 128 944
1 42 907
3 411 9272 917
1 63 613
1 933 999
1 228 13
1 655 222
1 556 463
1 883 838
1 893 889
1 297 777
2 282
1 586 65
1 892 287
1 216 351
1 816 380
3 877 8773 596 5962 232
1 87 178
1 706 604
1 536 819
3 150 1501 164 561
1 263 522
1 58 299
1 663 852
1 662 838
1 232 121
2 653
2 240
2 32
1 428 631
1 336 460
1 84 88
1 848 910
3 471 1431 776 100
1 221 950
1 932 137
1 680 200
1 802 179
3 833 8331 881 15
1 734 949
1 299 196
3 625 6251 449 869
1 698 807
1 374 199
3 245 2451 365 474
1 946 409
1 710 622
1 244 883
1 951 557
1 615 361
1 578 99
2 151
2 307
3 606 6063 169 1691 944 819
3 270 2701 478 691
2 666
1 105 284
1 411 239
1 560 568
1 355 553
1 440 148
3 401 4012 967
1 178 730
2 948
3 850 5941 313 565
2 89
1 100 668
1 967 568
3 640 6401 852 290
3 476 4763 573 5731 460 223
1 957 582
1 444 958
1 752 359
2 101
2 195
1 239 587
1 205 602
3 669 6691 310 981
1 376 165
1 681 218
1 561 323
1 446 231
1 587 799
3 873 8733 103 7733 493 4931 583 546
1 511 741
1 730 96
3 611 6112 529
1 945 235
1 439 501
1 847 960
2 246
1 668 29
1 908 610
1 10 853
1 699 818
1 930 578
2 376
1 321 631
1 518 925
1 161 894
1 88 895
3 205 2051 726 667
1 497 133
2 270
1 172 262
1 495 974
3 794 7942 875
1 541 8
1 331 793
1 923 677
1 59 884
1 559 641
1 29 841
1 271 489
2 944
1 740 942
1 516 205
3 476 1081 479 285
1 896 173
1 390 931
1 643 137
1 47 626
1 250 16
1 380 891
2 228
3 681 6811 110 243
1 8 715
1 600 386
1 909 192
1 72 926
2 587
2 108
1 587 393
1 269 13
1 393 3
1 415 351
1 457 275
1 631 490
1 658 765
3 110 2031 3 493
1 354 370
1 830 390
1 981 673
1 154 538
3 664 6641 186 251
1 174 448
1 300 557
3 921 9211 645 167
1 691 975
3 538 1541 247 338
1 854 864
3 305 3053 589 5891 602 763
1 721 70
1 889 278
2 809
1 228 325
1 200 757
1 761 658
1 913 22
1 272 90
3 654 6541 912 205
3 201 771 616 663
1 729 713
1 925 62
1 582 163
1 879 376
3 360 3601 410 674
2 478
1 192 720
1 953 731
3 965 9652 807
1 62 829
1 197 22
1 123 704
2 299
1 709 782
2 403
1 998 503
2 312
1 257 432
1 557 494
1 98 276
1 308 518
3 512 5122 922
1 312 304
1 901 228
1 416 15
1 828 199
1 472 659
1 338 890
2 754
3 963 632 428
2 567
2 431
3 597 5971 169 492
2 981
1 493 484
1 403 180
3 973 9731 858 461
3 908 9082 116
1 421 273
1 484 131
1 131 994
2 563
1 635 893
1 994 251
1 251 23
2 225
3 6 61 23 797
3 392 3922 845
1 180 62
1 551 763
1 502 810
1 731 423
1 664 287
1 944 458
2 838
1 804 752
1 124 707
2 258
2 476
3 83 831 795 88
1 956 530
2 692
1 369 305
2 726
1 397 209
1 256 605
1 826 125
3 469 4691 492 999
1 646 224
2 967
1 132 942
1 18 752
3 766 8972 448
1 983 713
1 864 745
1 891 501
3 449 4491 981 376
2 312
3 929 9291 314 23
1 775 865
1 967 987
1 931 987
3 766 8973 87 871 563 820
1 997 179
1 458 948
1 376 712
1 764 195
1 230 612
1 733 468
1 829 937
1 475 87
1 113 799
1 490 605
1 441 718
2 676
1 334 633
1 312 306
1 603 367
1 870 131
1 278 805
2 943
1 963 17
1 547 837
1 649 377
1 610 500
1 805 739
1 292 762
3 557 973 900 9001 759 306
1 462 605
1 66 597
3 664 6641 95 122
1 28 759
1 772 384
2 87
1 260 621
1 79 675
1 955 943
1 385 958
1 558 28
1 222 880
2 455
1 335 154
1 289 783
1 326 281
1 112 270
1 307 211
1 876 662
3 105 1051 500 816
1 90 673
3 414 4143 916 9161 470 489
3 377 3772 412
1 530 52
1 609 391
1 417 659
1 838 291
3 105 1051 739 108
3 927 681 413 83
1 235 839
1 293 144
3 472 4721 748 681
1 181 21
1 40 76
1 675 5
1 52 342
3 95 951 604 513
1 372 503
1 542 240
1 436 111
1 448 108
3 97 51 992 639
1 50 2
1 712 931
1 134 892
3 19 191 342 115
2 119
1 753 199
2 203
1 633 851
1 508 952
1 138 468
1 867 185
1 306 806
1 108 437
1 857 57
1 445 559
1 225 976
1 806 317
2 870
1 487 878
1 137 609
3 412 4121 573 925
1 115 43
1 501 788
1 529 973
2 536
1 684 285
2 261
1 718 822
2 263
1 37 911
1 948 664
1 996 156
1 910 503
1 823 795
1 317 774
1 774 245
1 325 50
3 433 4331 245 722
1 443 810
1 567 442
1 915 360
1 807 559
1 722 428
1 207 3
1 428 596
1 853 298
1 454 203
1 43 69
1 949 182
1 943 638
1 151 801
1 973 131
1 665 634
1 229 358
1 985 664
1 605 938
1 224 471
2 218
1 218 2
1 96 538
2 17
1 133 559
3 990 841 375 643
1 281 853
1 620 450
1 471 853
1 986 63
1 903 110
1 78 119
1 849 197
2 346
3 42 7461 319 287
1 298 743
3 169 1691 240 921
2 211
1 360 509
1 742 131
1 163 395
1 921 175
1 488 506
1 509 318
1 69 916
2 376
1 754 323
1 378 991
1 916 878
1 693 35
1 878 365
3 147 1471 906 995
2 690
2 365
1 365 333
2 352
1 617 893
3 721 3961 677 412
1 822 63
3 303 2601 208 911
1 376 737
1 283 843
1 704 624
1 940 450
1 17 458
1 851 101
1 737 543
1 543 799
1 755 775
1 975 142
1 673 762
1 483 488
2 629
1 995 844
1 261 65
1 707 929
2 635
1 724 94
1 474 91
3 261 91 708 784
1 456 879
1 814 144
1 920 603
3 258 2581 726 358
1 635 300
1 53 79
1 55 24
3 978 9781 287 873
2 453
1 988 59
1 405 893
1 70 350
3 941 9411 670 825
3 296 3351 27 704
1 624 262
3 734 7341 368 113
2 137
1 453 546
1 262 433
1 433 975
1 142 968
1 237 431
2 780
1 555 503
1 968 479
2 77
1 859 242
1 844 915
1 958 175
1 285 699
1 236 552
3 598 5981 588 602
3 801 8011 358 150
1 820 862
1 574 810
1 77 333
1 150 474
1 91 505
3 164 1642 843
1 793 253
1 606 920
1 629 946
1 505 187
1 187 625
3 439 6272 955
1 625 124
1 265 444
1 929 656
1 642 948
1 352 340
3 522 5221 808 339
1 101 398
1 656 153
1 537 156
2 59
1 430 326
1 153 993
1 811 95
1 993 703
1 991 353
3 141 9282 248
1 897 791
1 837 626
1 346 795
1 38 885
1 713 432
2 292
1 815 559
1 899 736
1 395 996
1 747 670
1 459 621
2 667
1 703 896
2 844
1 173 387
1 282 952
1 350 244
1 292 739
2 876
1 353 304
1 387 790
1 790 415
2 484
1 938 32
1 32 535
1 145 766
1 503 827
1 156 814
1 535 357
3 547 2281 343 434
1 461 44
1 969 689
3 58 581 783 993
1 484 260
2 916
1 305 963
1 916 187
1 348 747
1 129 288
1 288 767
1 429 606
2 567
3 78 781 341 456
1 767 784
3 602 7633 40 401 934 536
1 270 614
2 265
1 784 514
1 514 56
2 687
1 56 116
1 999 361
1 964 663
1 116 590
1 590 786
1 871 459
1 786 273
1 687 243
1 243 540
1 540 506
1 719 373
1 65 450
3 655 8801 340 191
1 274 571
1 819 612
3 515 1971 139 250
1 634 315
1 521 442
1 182 832
2 430
3 223 4603 959 9592 163
1 191 347
1 768 975
3 968 1621 760 845
1 845 407
3 337 3371 607 976
1 407 654
1 654 193
1 193 741
1 254 627
1 741 322
1 322 414
1 414 936
1 936 295
1 279 98
1 661 528
1 119 846
1 528 258
1 258 688
1 203 563
1 862 564
1 564 882
2 785
1 211 886
1 882 294
2 849
3 522 5221 294 427
1 427 856
1 614 584
1 370 465
2 289
1 584 168
1 168 215
1 215 12
1 12 824
1 905 594
3 43 9291 595 1000
3 82 821 876 1
1 1 92
1 92 277
1 955 978
3 337 7941 144 280
2 792
1 922 46
2 352
1 352 270
1 465 957
1 163 252
2 859
1 137 576
1 650 384
1 695 753
2 197
1 252 95
1 611 838
3 579 5791 122 409
1 409 825
2 23
2 98
1 825 789
1 789 464
1 865 883
1 23 801
1 801 9
1 451 952
1 464 750
1 813 671
2 901
1 330 821
1 821 289
2 650
2 329
1 289 874
1 874 76
1 98 114
3 72 721 701 996
1 89 365
1 114 394
1 723 106
1 394 25
1 25 716
1 636 399
1 399 861
1 478 496
1 861 410
1 373 161
1 384 651
1 59 709
3 216 2161 674 532
1 532 781
1 781 840
1 840 934
1 536 683
2 104
1 468 999
2 155
2 259
1 683 213
1 213 569
1 569 796
1 249 734
1 425 631
1 866 508
1 796 94
3 545 5451 843 735
1 735 61
1 61 965
1 349 109
1 965 188
1 671 554
1 554 622
1 791 139
1 16 431
2 92
1 431 87
3 366 3661 92 419
1 419 139
1 87 648
1 648 863
3 502 9661 863 41
1 41 217
1 217 181
1 21 694
1 694 972
1 632 207
3 446 4461 844 790
1 195 483
2 482
1 104 860
1 860 955
1 406 792
1 978 803
2 343
2 900
2 201
1 803 226
3 18 181 226 408
1 408 39
1 39 984
3 886 8861 476 573
1 984 717
1 717 136
1 136 482
1 482 86
3 457 4573 348 3481 86 519
2 450
1 875 531
1 450 213
1 519 268
1 268 418
2 571
1 67 734
1 780 693
1 418 591
2 629
1 831 83
2 798
1 647 248
1 248 579
1 579 842
1 842 426
1 426 45
1 45 366
1 366 904
3 74 743 858 8281 201 228
1 904 900
2 274
2 806
1 900 545
3 8 2621 639 721
2 864
2 104
1 806 131
1 104 634
1 315 45
1 545 189
1 576 144
1 219 486
1 106 718
2 235
1 452 149
1 149 891
2 296
1 864 887
3 573 4762 516
1 887 954
1 894 104
1 954 219
1 486 977
1 412 992
1 977 446
1 650 741
3 899 7361 231 597
1 597 732
1 6 414
2 29
3 175 8731 689 227
1 732 875
1 531 570
1 570 337
1 629 146
1 794 80
1 29 504
2 818
2 141
1 363 506
1 202 704
1 81 956
3 688 112 694
1 694 209
1 818 701
1 430 546
1 504 982
1 982 424
2 923
1 685 594
1 424 849
1 526 369
2 821
1 141 407
1 849 873
3 32 5181 821 517
1 517 119
1 846 702
2 529
1 702 810
1 529 31
1 31 157
1 157 870
1 870 102
3 656 3581 118 891
1 481 88
1 102 779
2 615
1 779 160
3 725 7251 593 884
1 160 447
1 447 592
1 592 851
1 146 817
2 960
1 817 749
1 749 344
1 344 235
1 235 785
1 785 884
1 884 434
1 197 679
1 679 510
2 188
1 188 237
3 872 8722 4
1 960 979
1 4 880
3 378 2441 979 738
2 736
2 326
1 738 194
1 329 26
1 26 637
1 637 539
1 539 601
2 86
1 601 363
2 603
1 86 690
1 690 422
1 567 274
1 274 320
1 320 155
1 155 364
1 364 615
2 438
3 800 9293 730 5422 803
1 803 406
1 792 7
2 372
1 7 402
1 402 320
1 615 265
3 106 7232 824
1 265 141
3 605 3783 643 9322 915
1 824 915
2 242
1 915 36
3 176 1762 58
2 407
1 407 36
1 36 603
2 737
1 603 516
2 273
3 964 9641 516 834
2 717
1 273 225
3 154 8193 743 6823 164 1642 1
2 10
1 834 676
3 8 3381 676 568
3 332 3323 956 4702 939
1 19 142
3 292 3023 455 4553 331 3312 815
2 409
1 409 221
1 1 389
2 318
1 737 907
2 731
1 242 39
3 673 2723 541 5412 265
1 265 885
2 896
1 717 598
3 210 2102 63
1 598 572
2 407
1 572 159
2 621
1 71 884
2 994
1 159 653
3 241 6592 615
1 653 705
3 293 2932 243
1 994 556
2 425
1 621 939
2 73
1 939 836
3 270 2703 268 9002 136
3 297 7192 391
1 705 994
1 135 297
3 562 2413 334 1602 80
2 376
1 376 808
3 860 8601 836 777
2 534
1 80 429
3 797 7972 841
1 615 75
3 453 4303 468 4682 855
1 339 59
3 283 2833 541 5413 25 2892 57
1 782 986
2 119
1 63 992
2 411
1 243 32
2 906
1 411 371
3 462 4623 655 6552 124
1 124 799
3 861 1702 132
1 371 575
3 431 3943 850 8503 719 7192 223
1 575 111
3 158 1582 292
2 929
2 492
3 773 1211 111 246
1 974 379
1 246 125
2 885
2 764
1 132 912
1 731 725
3 961 9613 770 7702 347
1 725 491
2 419
1 491 628
2 886
1 628 336
3 767 1293 332 3323 49 493 147 1473 329 942 137
1 223 700
2 570
1 570 614
3 47 473 30 302 284
1 841 707
3 55 7792 422
2 164
1 929 307
1 74 5
2 767
2 475
1 343 225
2 561
3 232 7731 886 599
1 599 136
2 428
3 480 6751 136 962
3 334 3343 37 9262 606
2 209
1 962 58
2 779
2 36
2 926
1 407 993
1 36 375
3 172 1721 137 549
1 58 312
2 271
3 224 9433 813 6711 549 724
3 174 4482 329
1 209 130
2 566
1 130 945
3 258 6503 40 403 106 4872 701
1 701 149
3 171 1713 279 403 269 2693 76 9342 997
3 980 383 837 5961 259 759
2 367
1 329 383
3 588 4903 432 2573 567 8602 963
1 383 669
2 871
3 603 6031 347 597
2 987
3 272 7623 588 7372 484
1 484 20
1 669 993
2 600
1 896 404
2 269
3 212 1271 589 442
2 851
3 367 3672 866
1 10 692
1 692 774
2 616
1 997 599
3 17 173 459 2603 920 6033 402 2743 909 1922 208
1 428 613
3 44 4612 490
1 963 422
3 323 563 910 4783 873 7803 462 4622 998
3 442 3442 420
1 422 987
1 987 534
2 590
3 787 7872 927
1 927 587
1 534 362
3 365 5992 556
2 202
3 828 8283 456 3412 557
1 362 512
1 556 855
1 855 509
2 393
1 318 357
3 798 7983 604 823 780 7803 811 8113 984 5783 761 7612 922
1 255 626
3 29 6683 983 9833 448 1743 51 512 555
1 393 899
3 459 4593 233 2333 44 8582 785
1 785 278
3 143 1433 167 6453 892 8922 50
1 736 652
2 961
1 652 959
3 776 7762 188
2 245
1 188 395
1 959 208
3 411 2053 741 6582 165
1 208 619
2 813
1 490 402
2 978
1 557 703
2 393
1 393 120
3 259 2592 140
1 120 453
2 741
1 245 555
3 647 4133 80 7943 772 3843 337 3372 582
1 582 676
2 231
1 555 858
3 761 6582 959
1 851 180
3 991 463 684 6842 981
3 786 4981 981 439
3 686 6862 570
3 19 191 231 696
2 584
1 696 425
2 241
1 425 269
3 729 7293 291 5342 428
1 269 485
2 610
3 754 7541 435 284
3 922 9223 330 3483 166 1663 918 9182 707
1 284 779
2 819
1 779 751
2 547
1 751 204
3 915 1432 173
1 204 295
3 680 6803 800 8002 937
1 937 666
3 82 823 113 3682 365
1 584 803
2 29
1 324 234
3 96 5483 809 8092 205
1 666 246
3 644 6442 639
1 707 658
3 425 833 335 1542 681
1 205 311
3 90 6733 541 5413 125 2582 890
1 639 875
2 197
1 570 773
2 644
1 29 176
3 207 8732 65
1 176 890
3 17 3953 723 7232 272
2 430
1 890 348
1 119 430
2 643
1 430 860
3 213 403 160 1603 510 6792 916
1 978 50
3 395 4102 555
1 50 510
2 937
2 302
1 937 594
2 474
1 643 938
1 65 295
2 779
1 779 742
2 562
1 302 921
3 650 6502 87
3 76 9343 459 4591 555 332
3 467 6023 721 7213 70 702 3
1 332 16
2 58
1 87 227
3 341 4563 974 9743 169 1692 645
1 58 898
3 600 6003 123 1233 67 672 897
3 544 933 289 2891 898 324
3 907 7172 355
2 404
1 404 337
2 264
1 616 417
1 606 514
3 312 7653 19 193 328 3282 313
1 590 474
3 868 8683 461 4613 719 1613 411 1323 135 3033 683 6862 829
1 829 670
3 567 5672 479
3 656 6561 897 875
3 889 8892 584
1 474 858
2 622
1 584 504
3 54 542 535
1 479 43
2 697
1 165 67
3 283 2833 167 1672 795
1 916 432
2 864
1 535 416
2 602
1 864 214
2 928
1 610 745
2 248
1 681 351
3 578 23 93 5443 132 9122 163
3 387 8441 428 248
3 872 8722 314
2 39
1 292 272
1 272 959
2 772
1 959 795
3 621 3033 114 763 331 3313 469 4693 683 1773 521 9112 334
2 304
1 795 391
1 391 839
2 341
1 304 416
2 25
1 39 107
2 128
2 853
1 248 635
1 107 813
2 762
1 813 720
3 170 6832 377
1 128 477
3 459 7772 671
1 477 632
2 713
1 3 650
2 19
3 840 9341 741 173
2 488
2 429
1 429 948
1 173 710
2 982
