1 653 168
1 210 969
1 952 442
1 957 848
1 737 768
1 534 627
1 600 89
1 133 664
1 979 419
1 295 169
1 418 813
1 529 636
1 716 759
1 829 976
1 679 122
1 218 786
1 492 179
1 522 535
1 392 590
1 139 732
1 702 40
1 531 401
1 833 539
1 948 358
1 782 905
3 466 4661 330 722
1 3 51
1 967 740
1 442 546
1 663 927
1 761 893
1 672 695
1 599 121
1 317 718
1 121 814
3 108 1083 69 691 169 91
1 863 345
3 204 2041 42 809
1 817 340
1 51 837
1 87 661
3 948 9481 719 44
1 783 920
1 32 117
1 373 107
1 579 49
1 193 312
3 488 4881 433 861
1 852 449
1 93 726
1 791 495
1 22 725
3 811 8111 140 270
1 871 578
1 748 156
1 328 983
1 179 398
1 556 262
1 740 915
1 281 422
3 817 8171 729 535
3 538 5381 955 868
1 285 979
1 676 795
3 873 8733 385 3851 429 121
1 454 598
1 355 376
1 999 971
1 178 211
1 339 70
1 904 450
1 613 318
1 338 682
1 315 371
1 723 484
3 838 8381 276 875
1 945 206
1 131 154
1 423 363
1 724 449
1 331 209
1 229 928
3 880 8801 512 71
1 353 140
1 95 417
1 199 965
3 646 6461 379 634
3 512 5123 470 4701 425 239
1 513 821
1 845 111
1 501 849
3 551 5511 422 774
1 664 344
1 587 823
3 283 2831 742 723
1 743 88
1 316 254
1 698 667
1 292 600
1 242 589
2 871
1 854 55
1 482 834
3 700 7001 963 385
1 458 377
1 98 692
3 190 1902 442
1 553 120
2 492
3 777 7771 55 697
2 295
1 12 266
1 692 161
1 286 397
1 415 869
1 86 776
1 859 438
1 62 790
1 893 142
3 361 3611 475 393
1 219 113
1 449 364
1 784 179
2 791
1 933 403
1 965 449
1 823 285
1 850 909
1 563 161
2 955
1 658 278
1 424 124
3 76 761 405 170
1 245 996
2 286
1 486 160
1 820 945
1 308 14
3 248 2481 985 965
2 829
1 149 754
1 377 465
1 387 983
1 528 993
1 821 15
3 499 4991 840 605
2 377
1 206 799
1 754 222
2 229
1 311 623
1 391 494
1 578 728
2 820
1 365 633
2 663
1 935 532
1 11 985
1 604 140
1 890 344
2 418
1 108 344
1 376 468
1 44 828
1 771 789
1 33 166
2 292
1 310 131
1 128 789
1 614 571
2 392
2 817
1 291 524
2 935
1 879 404
1 117 137
1 432 109
1 589 635
2 890
2 149
3 912 9123 961 9611 868 946
3 281 2813 992 9922 653
2 528
3 190 1901 694 557
2 429
1 395 865
1 137 823
1 867 188
3 289 2891 290 381
2 98
1 21 85
2 761
1 470 254
1 314 967
1 378 846
1 506 468
1 901 317
1 345 880
2 376
1 535 908
2 139
1 376 501
1 822 570
1 701 217
1 500 289
2 86
3 355 3551 799 838
1 102 276
1 630 60
1 446 792
1 222 250
3 265 2651 847 960
2 42
1 890 958
1 565 239
2 743
2 433
2 317
3 18 181 9 17
2 316
2 771
1 364 73
1 728 617
1 790 167
3 4 41 627 150
3 829 8291 989 663
1 96 167
1 28 59
3 708 7081 652 414
1 713 818
1 144 3
1 828 808
1 731 604
1 988 491
1 277 186
1 71 778
1 434 988
1 677 165
1 224 233
2 121
1 151 337
1 926 260
1 750 60
3 781 7812 93
1 632 591
1 233 118
3 863 8633 278 6583 644 6441 944 353
1 498 354
1 727 575
1 381 555
2 219
2 989
1 661 302
2 9
1 972 942
1 922 365
1 552 302
1 368 639
2 963
1 212 719
1 956 171
1 695 399
1 327 855
1 249 736
1 170 696
3 909 8501 410 252
1 862 985
2 506
2 859
1 540 287
2 604
1 908 744
3 563 5633 854 8543 57 573 618 6183 482 4821 216 727
1 831 884
2 133
2 862
1 160 515
2 71
3 694 6941 678 601
1 204 631
3 33 331 708 135
1 329 598
1 635 768
3 956 9562 199
1 30 20
3 901 9011 981 572
1 305 91
3 973 9731 419 773
1 43 143
1 42 477
1 120 536
1 1 341
1 440 5
1 342 584
3 678 6781 250 884
1 865 273
2 470
1 155 806
1 577 362
1 861 757
3 339 3393 195 1951 807 936
1 927 219
3 558 5581 217 319
1 541 864
1 124 23
1 462 730
1 468 297
1 299 670
1 168 980
1 884 962
1 960 744
1 536 840
1 720 100
1 73 739
1 126 344
1 491 764
1 473 452
1 604 484
1 397 794
1 27 88
1 937 263
2 501
1 617 356
1 356 853
1 659 373
1 560 82
3 378 3781 889 589
1 549 602
1 751 834
3 34 341 115 261
2 617
2 12
1 324 217
1 710 225
1 595 613
1 818 500
3 742 7421 919 620
1 905 673
2 55
1 392 353
1 232 814
1 757 580
3 42 422 613
1 341 366
2 850
2 486
1 282 215
1 161 994
2 724
1 89 12
1 196 168
1 899 640
1 409 79
1 809 805
3 432 4321 307 880
1 623 658
3 454 4541 617 83
1 837 894
2 933
1 744 671
1 118 132
1 53 75
1 9 666
3 496 4961 773 436
3 190 1901 777 242
3 155 1551 853 859
1 795 134
2 677
1 870 132
1 875 591
1 436 306
1 568 509
1 739 958
1 251 370
2 879
2 311
1 509 953
2 53
3 67 672 773
1 390 954
1 992 116
1 288 446
1 825 895
2 965
1 219 260
2 222
1 965 516
1 732 996
1 633 399
3 821 8211 984 708
3 587 5871 592 5
3 944 3922 291
3 454 4543 497 4971 235 430
1 745 295
1 626 337
1 135 116
1 269 128
2 206
1 265 79
1 39 262
2 937
1 40 129
3 745 7451 398 655
1 974 627
2 331
1 532 467
1 588 280
2 1
1 192 587
3 433 4331 34 45
1 298 273
1 869 81
1 555 287
1 335 233
1 877 501
3 628 6282 632
1 733 350
1 545 17
1 55 876
1 983 190
1 433 347
1 347 773
1 194 777
1 501 822
2 422
1 811 817
1 416 566
1 836 875
1 746 649
1 136 342
3 591 1022 415
2 373
1 471 863
1 484 490
3 193 1933 549 5491 669 882
1 286 63
1 127 224
1 699 165
1 243 163
3 752 7523 709 7091 370 797
3 903 9031 986 339
1 101 413
1 566 167
2 578
1 24 626
1 98 910
1 773 85
1 827 147
1 321 38
2 807
1 557 658
3 690 6901 920 284
1 463 758
3 20 301 734 882
2 108
1 18 813
1 234 419
1 812 433
1 63 942
1 550 297
2 277
1 794 632
3 405 4053 156 1561 768 670
1 8 945
1 943 800
3 804 8041 998 563
1 326 238
2 342
3 195 1951 864 617
1 228 948
1 354 156
2 757
2 216
1 596 310
3 552 5521 994 714
2 27
2 985
1 221 494
3 59 592 635
2 364
1 722 682
1 17 941
1 200 912
2 102
3 258 2581 92 388
1 559 502
1 147 248
2 836
1 803 706
2 837
1 615 679
1 758 287
1 103 415
1 477 997
1 518 97
1 464 683
2 626
1 278 323
1 757 202
1 236 264
2 151
2 981
1 526 833
1 257 638
3 486 4861 915 797
1 215 566
1 978 751
1 538 966
1 431 831
2 101
1 523 182
1 636 439
1 521 856
1 814 173
1 373 523
1 629 560
2 870
1 619 958
3 325 3251 930 251
1 781 522
1 110 407
1 939 765
1 90 728
1 910 639
1 749 811
2 698
2 617
1 487 608
1 260 572
2 425
1 427 329
1 121 25
2 278
2 669
1 987 926
2 39
1 190 253
1 606 716
1 421 144
1 483 164
1 377 335
1 765 859
1 114 410
1 841 687
1 184 150
1 507 241
1 602 228
1 938 996
1 253 200
1 331 246
1 320 488
1 261 444
3 236 2362 40
1 438 801
1 129 714
1 366 615
2 745
2 483
2 409
1 132 337
1 258 702
1 435 319
1 605 561
1 649 496
1 813 54
1 859 936
1 289 407
1 761 457
1 958 206
1 666 500
1 689 364
1 12 570
3 603 6031 797 846
1 150 540
1 962 973
1 357 51
1 297 943
1 396 628
1 337 570
3 592 5921 805 748
1 985 231
1 973 579
1 514 93
1 166 63
2 329
1 897 657
1 670 46
1 207 501
1 907 62
2 661
1 246 814
1 497 356
1 504 336
3 767 7671 175 429
1 562 510
3 850 8501 844 848
1 403 813
2 727
3 412 4121 85 868
1 352 581
1 79 506
1 881 180
1 951 309
1 638 240
1 72 118
1 914 653
2 908
1 348 395
2 781
1 284 509
1 187 150
2 920
1 174 720
1 685 559
3 564 5642 235
1 961 58
1 655 288
1 858 291
3 592 5922 210
1 642 96
1 908 892
2 62
3 984 9841 548 170
2 419
3 618 6181 715 497
1 323 806
3 988 9883 84 842 536
1 808 660
1 613 77
1 570 993
1 766 333
2 121
1 581 639
1 686 199
3 234 2341 206 162
1 162 301
3 497 4971 116 921
2 869
1 287 428
3 959 9591 752 786
1 940 412
1 363 122
1 429 216
2 732
1 993 259
2 613
1 173 614
1 165 326
2 110
2 563
1 727 845
1 54 720
1 882 117
2 854
1 459 555
1 576 629
2 967
3 513 5132 282
3 966 5381 81 702
2 281
2 72
1 14 717
3 30 301 280 442
1 660 112
3 576 5761 74 717
1 792 137
1 419 235
1 936 829
1 93 481
1 296 361
2 250
1 309 749
1 639 87
3 609 6091 156 804
2 748
2 390
1 788 441
1 829 616
1 317 375
1 329 588
1 240 885
1 100 924
3 174 1741 31 62
1 259 584
3 646 6461 584 537
1 167 979
3 43 431 837 288
1 123 688
1 313 237
1 774 952
3 592 5921 931 686
1 45 493
3 382 3821 235 231
1 929 241
1 537 948
1 924 203
1 113 302
1 38 577
3 435 4352 513
1 109 992
1 358 308
1 342 746
1 887 483
1 688 772
3 705 7053 18 4031 362 554
2 217
1 301 611
2 823
3 715 7651 933 465
1 208 854
1 717 349
1 248 320
2 576
3 455 4551 572 116
1 892 340
1 661 698
1 428 215
1 270 234
1 244 815
1 202 135
1 291 657
3 257 6381 231 692
2 887
1 70 57
1 318 751
3 555 2901 748 79
2 103
1 823 145
1 10 431
1 502 318
1 273 500
1 457 683
1 157 99
1 466 542
1 946 417
1 900 546
3 386 3861 145 308
1 714 500
1 442 94
3 188 8671 443 335
3 521 5211 611 108
2 774
1 506 403
1 698 7
1 112 664
1 57 451
1 883 392
1 520 369
3 925 9253 568 5681 46 967
1 561 86
1 921 431
1 49 139
1 102 577
1 474 752
1 182 461
1 618 936
1 942 221
3 799 7992 504
1 674 319
1 554 81
3 290 9741 706 1
3 42 421 349 440
1 188 755
1 5 699
1 628 139
1 214 934
3 521 5211 654 68
1 798 941
1 807 411
1 238 406
1 546 721
3 652 4141 490 515
1 139 313
1 122 975
1 516 588
1 344 391
3 798 7981 203 614
1 494 858
1 319 770
3 600 6001 804 854
1 980 218
1 770 212
1 278 763
3 327 3273 213 2131 989 736
1 159 380
1 631 283
1 29 15
2 628
1 393 758
1 107 795
3 387 1901 682 985
1 616 347
1 880 550
1 108 728
2 471
1 949 934
1 77 107
1 406 969
1 564 741
3 489 4891 417 228
2 166
2 868
3 227 2271 325 312
1 573 577
1 407 241
2 952
1 495 293
1 954 800
2 584
1 571 148
1 59 359
1 166 500
1 241 530
1 503 442
2 200
1 967 416
2 313
1 724 993
3 301 8902 410
2 144
1 781 175
2 825
1 60 154
1 657 73
3 618 6181 27 725
1 771 759
1 834 440
1 941 759
2 883
1 969 865
1 94 934
1 530 728
1 848 628
1 584 185
1 148 979
1 617 242
1 635 252
1 721 20
1 399 313
1 590 459
1 452 700
1 252 490
1 815 387
1 415 312
3 859 8681 820 13
1 763 307
2 587
3 653 9143 183 1831 83 368
1 755 290
1 340 437
1 515 659
1 461 688
3 189 1892 715
1 200 802
1 772 300
1 300 139
3 114 1141 185 992
1 23 853
1 669 314
1 142 833
1 367 825
3 431 4591 593 723
3 537 5371 404 135
1 313 149
1 667 896
1 15 356
1 149 795
1 111 455
3 105 1053 462 7303 882 9481 738 402
1 134 422
1 216 808
1 146 37
2 131
1 2 159
1 868 182
3 890 8901 801 624
2 752
3 157 1573 803 7061 106 171
1 422 915
3 249 7361 800 833
1 824 288
3 31 9071 846 913
3 598 5981 730 446
1 75 551
1 855 340
1 934 91
1 7 934
1 913 200
1 84 525
3 164 1641 802 639
2 124
1 91 574
1 255 64
3 810 8101 574 295
2 325
3 642 961 539 71
3 602 1371 295 990
1 990 197
1 197 852
1 838 904
1 450 693
1 891 126
2 449
1 718 904
1 683 540
2 2
1 53 462
1 449 879
1 388 175
1 71 101
1 385 993
3 836 8361 40 179
1 82 501
1 879 383
1 383 975
1 789 692
1 533 38
1 793 146
3 803 8031 975 875
3 725 271 591 608
1 455 912
1 756 100
3 151 1511 608 78
1 78 133
1 620 391
3 909 9093 299 2991 213 936
1 878 621
1 441 309
3 724 1451 885 207
1 133 896
1 896 41
2 801
3 946 9463 835 8353 452 4522 22
1 937 962
3 114 1141 41 693
1 693 536
1 445 706
1 603 816
3 418 4181 536 361
1 971 270
1 759 519
1 696 981
1 361 248
2 602
1 712 342
3 503 5031 226 43
3 559 3181 488 405
2 395
2 28
1 36 595
1 745 426
1 700 631
1 981 726
1 587 527
1 230 797
1 622 49
3 324 3241 726 963
1 684 26
1 205 693
1 963 274
1 225 428
1 274 869
3 378 3783 299 1841 411 319
1 409 447
1 101 326
1 966 237
1 869 602
1 854 772
3 866 8662 963
3 244 8152 219
2 238
2 280
2 855
1 912 866
1 963 647
1 479 838
1 647 45
2 890
1 493 227
1 306 778
1 997 436
1 227 158
3 256 2561 35 29
1 333 215
3 745 7451 66 601
2 509
1 158 193
1 312 712
1 496 662
1 52 206
2 746
2 617
1 586 616
1 58 835
1 746 855
1 238 822
1 510 918
1 617 823
3 3 31 855 927
3 907 9071 219 372
3 217 2171 372 785
2 921
1 785 508
1 921 578
1 508 844
1 575 668
1 817 653
1 86 22
1 578 10
1 628 544
1 671 442
1 374 667
1 544 177
1 177 75
1 551 816
2 411
1 125 9
1 816 607
1 607 599
1 220 898
3 860 8601 121 198
1 832 70
1 870 676
3 768 2991 198 594
1 371 406
1 810 542
1 650 357
2 945
2 611
1 563 817
1 151 900
1 594 899
1 640 849
1 849 153
1 153 17
1 519 367
1 825 73
1 476 979
1 469 832
2 926
2 42
1 611 632
1 465 817
1 316 912
2 577
1 632 2
1 2 56
1 56 595
1 395 861
1 439 681
1 613 268
1 268 86
2 205
1 22 37
1 37 409
1 527 912
1 103 236
1 447 444
1 28 495
1 444 478
1 478 767
1 62 351
1 767 569
1 217 996
1 569 110
2 409
2 987
1 409 491
3 307 4681 764 767
1 110 130
1 130 925
1 76 267
2 82
1 925 982
1 982 47
1 47 64
1 64 205
3 809 8091 205 911
1 104 174
1 911 316
1 866 510
2 893
1 528 259
3 21 211 222 109
2 861
3 171 9562 566
1 20 302
1 918 424
1 199 209
2 905
1 124 974
1 566 735
1 735 873
2 727
1 88 160
1 873 250
3 232 7161 610 934
3 239 2392 91
2 967
1 91 914
3 754 7541 760 803
1 172 610
3 711 7111 653 759
1 195 412
2 799
1 50 793
1 905 238
1 662 454
1 250 649
1 598 721
1 302 201
1 186 40
1 201 292
1 272 225
1 292 898
1 898 31
1 351 180
1 180 681
1 411 154
1 681 736
2 712
2 150
1 626 323
3 606 6062 885
1 712 714
3 792 8961 675 237
1 150 703
3 421 4212 963
1 753 688
1 601 585
1 703 196
1 786 78
1 963 264
1 264 687
1 585 435
1 687 223
1 779 442
1 223 176
1 176 144
1 144 469
1 451 826
1 826 428
1 736 890
1 350 775
1 525 779
3 600 6001 890 420
1 704 112
1 420 210
1 210 304
1 380 181
1 641 496
1 304 229
3 742 5931 229 281
1 851 170
3 423 4231 281 928
1 928 256
1 256 638
2 615
1 860 82
2 834
1 885 55
3 421 4211 4 345
2 880
2 586
1 876 648
1 418 975
1 648 669
1 796 180
1 580 157
1 967 39
1 39 217
1 996 677
1 82 229
3 342 8441 677 556
3 656 6561 787 451
3 715 7151 262 452
1 283 586
1 489 436
1 586 6
1 6 966
1 959 248
3 564 7411 237 559
3 954 51 834 727
1 727 322
3 740 7881 547 791
1 322 976
1 976 691
1 691 711
3 931 9311 293 957
3 809 8051 711 472
1 780 948
1 472 547
1 791 738
1 400 181
1 517 107
1 364 168
1 402 680
3 587 1921 680 543
1 543 346
2 210
1 880 659
1 210 568
3 298 2981 806 229
1 509 343
1 181 385
3 520 3691 343 389
2 853
3 624 6241 389 16
2 693
1 119 565
1 693 274
1 602 420
1 394 213
1 856 486
1 16 686
1 209 471
1 471 916
1 923 582
1 916 24
1 346 583
1 1 283
1 583 624
1 624 80
1 80 15
1 853 477
2 272
1 408 653
1 778 474
1 752 644
1 644 690
1 690 325
1 325 59
1 359 577
1 577 58
1 857 593
2 815
1 835 903
1 903 745
3 831 7891 426 239
1 239 673
1 673 27
1 154 458
1 280 799
2 315
1 725 61
1 61 504
1 504 741
1 741 801
1 801 279
2 404
3 312 9931 279 390
1 390 375
1 375 430
1 430 211
1 211 303
1 762 578
3 606 9053 349 9991 303 856
3 387 3871 486 481
1 481 663
2 827
1 663 311
1 311 8
1 945 427
1 799 511
1 511 886
1 886 576
1 414 401
1 576 152
1 152 923
1 582 157
2 881
2 650
1 360 336
1 99 637
1 637 13
1 13 243
3 399 6001 615 734
2 188
1 163 917
1 715 298
1 917 995
3 376 3761 995 360
3 642 6423 807 8073 165 5992 468
2 582
3 25 253 485 4852 864
3 128 1281 105 649
3 321 381 582 332
1 332 541
1 775 968
1 336 858
3 289 9852 174
1 864 42
1 42 25
3 397 7941 621 706
1 25 188
2 786
1 786 626
1 188 69
3 600 893 554 3621 69 964
1 964 266
2 379
1 266 888
1 888 643
2 381
1 643 775
1 171 735
1 769 594
3 889 5931 968 348
1 861 414
1 401 697
1 697 466
1 542 294
3 365 9851 294 381
1 381 953
2 749
1 953 881
3 599 9391 881 906
1 906 468
1 468 940
1 412 97
3 11 111 97 535
1 437 596
1 131 909
1 909 887
1 887 665
1 991 163
1 665 788
1 749 513
3 387 3281 513 191
2 678
3 354 3541 191 26
3 129 1293 728 1612 461
1 26 872
3 406 9412 60
1 872 252
2 840
3 459 4591 461 277
2 793
1 277 334
3 444 1153 605 6052 845
1 334 842
3 288 2212 243
1 842 774
2 525
1 774 732
3 650 6503 285 3603 387 3282 984
3 555 9631 732 955
2 11
1 955 625
2 500
1 625 654
3 750 6302 654
1 654 612
3 327 4652 4
3 400 4003 619 7442 790
1 612 944
1 500 384
3 496 4543 51 6152 257
1 384 263
2 753
1 263 871
2 512
2 630
2 797
1 871 422
1 467 627
1 797 709
3 479 4793 88 883 722 3303 589 1842 259
1 790 508
2 867
3 799 9751 709 592
2 511
1 511 384
2 764
1 764 526
2 450
1 259 867
2 666
2 279
1 867 488
1 279 254
2 928
1 928 445
2 294
3 999 9991 254 369
2 249
1 369 456
3 901 3173 195 1953 744 5813 362 7022 736
1 736 115
2 136
1 456 883
2 15
1 15 733
2 715
2 235
2 264
2 996
1 235 649
1 264 451
1 294 410
2 6
1 6 690
1 947 514
3 753 7533 377 5163 212 7043 290 7553 213 3943 580 5802 469
1 883 839
2 724
1 839 410
3 754 7542 182
3 574 1971 920 611
3 553 5533 859 7653 397 3972 584
1 410 249
2 42
1 249 381
3 784 7842 796
1 182 4
2 412
1 412 315
2 465
1 4 52
2 682
1 72 886
3 108 1083 960 8473 518 3102 712
1 315 843
2 501
2 80
2 739
2 690
1 739 514
1 465 481
2 348
1 690 755
1 843 330
2 125
1 682 707
1 707 711
2 659
1 80 158
3 394 3942 812
1 712 499
2 357
1 499 729
3 19 192 685
2 473
2 255
3 411 4111 469 851
3 957 283 746 3271 659 470
1 470 996
3 349 5722 947
1 996 492
2 408
1 492 643
2 490
1 490 836
3 552 5523 143 2263 360 9333 189 1893 619 6192 465
1 836 174
2 365
1 174 656
3 55 8763 396 7692 245
1 656 136
2 768
1 136 485
2 762
1 902 429
2 59
1 485 926
2 619
1 926 964
3 63 9723 256 2563 516 5163 629 6293 604 6042 809
1 243 992
2 362
1 348 952
2 115
2 835
1 42 50
1 952 744
2 818
1 827 174
3 363 8753 81 812 477
1 65 586
2 388
1 115 460
3 294 4472 823
3 894 8942 692
1 460 245
1 245 288
2 414
2 732
2 647
1 823 272
1 272 609
3 269 1282 982
1 609 359
1 835 922
3 807 4112 63
1 365 524
2 943
1 524 737
2 434
1 768 947
2 284
3 972 9723 500 8701 947 925
2 421
3 88 8632 136
1 982 453
3 507 5072 792
1 453 876
1 950 567
2 14
2 644
3 902 9021 136 63
1 63 986
2 551
1 792 226
3 46 462 575
1 143 59
2 658
1 59 308
2 902
1 183 38
3 34 453 258 2582 770
1 14 269
2 696
3 157 991 696 353
2 844
1 692 584
3 667 6673 240 6172 137
3 434 4341 584 861
3 679 1992 342
1 414 895
3 981 7262 367
1 651 177
2 132
1 895 819
2 178
1 819 328
2 420
3 98 9101 367 122
3 35 352 321
1 420 32
2 671
2 456
1 137 601
1 770 902
3 658 6233 368 3682 119
1 902 350
2 461
1 671 750
3 950 9502 422
3 920 9201 477 331
2 50
1 60 828
2 923
1 943 632
3 988 2133 878 5093 491 8982 486
1 422 774
3 350 2182 21
1 732 474
3 761 7612 875
2 794
1 644 673
1 456 466
2 442
1 875 705
3 740 9152 47
1 705 503
2 528
3 476 4761 501 986
3 327 3272 802
1 634 240
2 26
3 424 1501 50 948
3 420 8963 436 1663 17 9982 900
1 26 647
2 211
3 154 4581 551 145
3 64 5873 510 3432 500
1 647 852
3 580 5803 982 9263 265 4033 750 8963 793 7932 463
1 802 661
2 910
1 442 224
2 35
1 132 935
3 593 7312 145
1 935 404
3 323 4872 621
3 290 4021 404 776
2 948
2 252
2 870
1 776 273
1 815 239
1 500 582
2 671
1 948 869
3 205 643 194 1942 707
3 261 4442 902
3 25 1881 902 447
3 781 2913 804 1562 128
1 128 819
1 211 630
2 40
2 487
1 671 512
1 512 678
2 629
1 707 26
3 172 1203 999 9993 506 5553 870 8702 392
1 678 425
2 915
1 425 508
2 695
1 844 862
3 494 8283 921 9733 718 7182 799
1 862 126
3 289 4072 153
1 799 901
2 4
1 630 258
3 83 833 74 743 242 2422 89
1 40 68
3 293 283 646 6462 704
1 68 816
3 346 6243 761 7613 619 6192 469
1 153 645
3 976 6753 855 3722 464
1 645 936
2 520
