3 54 541 992 552
1 645 967
1 188 194
3 619 6191 697 443
1 202 632
1 576 670
1 890 740
1 754 458
3 734 7341 296 672
1 84 414
3 506 5061 176 818
1 841 909
1 584 637
1 698 109
1 717 35
1 800 767
3 841 8413 904 9041 283 29
1 228 656
1 692 193
1 140 326
1 101 898
3 980 9801 568 408
1 249 824
1 987 953
1 365 774
1 587 258
1 814 317
1 410 553
1 358 451
1 456 301
1 429 624
1 606 284
1 652 729
3 290 2901 220 641
1 623 60
1 299 811
1 338 229
1 556 171
3 311 3111 536 641
3 723 7231 32 264
1 218 252
3 856 8561 635 507
1 374 990
1 110 60
1 578 87
1 41 953
1 519 743
1 830 683
3 656 6561 240 150
3 648 6481 69 823
1 197 980
1 684 935
1 581 939
1 442 532
1 80 377
1 876 892
1 284 320
1 886 969
1 430 188
1 815 229
1 366 550
1 461 810
3 398 3983 915 9151 321 437
1 193 614
1 304 960
1 857 427
1 254 159
1 109 491
1 8 735
3 781 7811 434 523
1 789 379
3 691 6911 739 949
1 242 498
3 218 2181 260 266
1 918 244
1 852 711
1 417 145
3 443 6971 977 938
1 733 233
3 367 3671 25 383
3 524 5241 257 124
3 691 6911 250 393
1 721 390
1 252 730
1 475 722
1 879 502
3 586 5861 121 410
1 884 933
3 836 8361 399 188
1 638 858
1 956 472
3 77 771 62 284
1 407 931
1 241 194
1 530 102
1 771 61
1 482 683
1 616 662
1 690 260
1 445 234
1 630 836
1 972 479
1 13 264
2 519
1 908 554
2 814
1 604 421
1 129 188
1 103 639
1 699 461
2 249
1 913 208
1 838 925
1 350 377
2 692
1 607 149
1 341 503
2 717
1 550 940
1 449 934
1 443 535
1 671 635
1 712 134
1 246 930
1 611 701
1 957 809
3 412 4122 32
3 803 8031 314 166
2 876
1 320 316
1 43 353
3 973 9731 201 493
3 808 8081 259 277
1 898 808
1 165 465
1 178 82
1 620 691
2 240
1 784 740
1 235 311
1 215 592
1 507 21
3 447 4471 520 685
3 615 6151 924 46
1 934 572
1 823 592
1 441 39
1 976 191
1 477 5
2 607
1 111 779
1 667 374
1 899 511
1 989 692
2 879
1 746 570
1 670 723
1 495 664
1 592 385
1 382 723
1 685 623
1 549 173
3 172 1723 843 8432 429
3 838 9252 321
1 608 936
3 148 1482 789
2 989
2 140
1 319 942
1 92 711
1 1000 413
1 489 864
1 808 75
3 117 1171 27 70
2 257
1 243 731
1 174 864
3 837 8372 259
1 548 260
3 107 1071 240 985
2 235
1 60 648
1 864 795
1 375 968
1 748 137
2 304
3 129 3991 144 495
2 581
1 423 661
2 886
1 932 382
1 285 346
1 723 260
1 87 781
3 577 5771 552 518
2 520
1 118 318
1 738 509
1 397 195
2 578
1 940 827
1 959 626
1 686 519
1 22 58
1 490 57
3 168 1681 247 39
1 612 367
2 490
1 4 264
1 413 803
1 961 959
1 493 61
1 935 337
1 974 233
2 684
1 994 639
3 734 7341 803 955
1 914 151
1 514 550
1 885 131
2 103
1 58 954
1 479 56
3 760 7601 337 886
1 497 968
1 869 632
1 421 58
1 682 84
1 672 501
3 256 2561 759 977
1 997 433
1 61 24
1 683 241
1 370 430
1 656 207
1 471 756
1 540 665
1 191 383
1 171 857
1 161 98
1 706 383
2 576
3 989 9891 383 571
3 878 8781 506 491
1 827 58
1 322 377
1 339 523
3 739 7392 606
1 207 796
1 877 408
1 160 295
1 509 830
1 311 703
1 35 453
1 184 837
1 621 98
1 280 479
1 324 924
1 57 90
1 559 878
1 32 452
1 641 432
1 715 440
1 159 409
3 165 1651 809 682
1 523 952
1 356 494
1 316 1000
1 77 597
3 668 6681 636 545
3 570 7461 9 534
1 886 796
1 757 923
3 464 4641 535 835
1 368 455
1 597 173
1 529 717
2 934
3 660 6602 932
2 652
1 344 672
1 222 530
2 456
1 156 829
1 936 860
1 657 292
1 836 893
1 919 869
1 469 585
1 542 943
1 3 715
2 188
1 978 28
1 385 794
2 202
3 584 6371 117 927
1 941 157
1 637 795
1 81 663
2 869
1 767 37
1 778 237
2 620
1 134 174
2 638
1 425 329
1 91 269
1 955 374
1 930 83
1 675 513
2 754
1 513 558
1 796 202
1 268 938
1 96 957
1 775 324
1 762 420
1 805 291
1 208 154
1 266 19
1 491 787
1 741 919
1 363 498
2 260
1 181 192
1 865 780
1 33 993
2 96
1 615 345
1 483 354
2 344
3 546 5461 652 489
1 214 374
1 135 342
2 218
2 796
1 203 613
3 710 7101 993 369
1 502 778
3 164 1642 337
1 90 964
2 741
1 988 453
1 522 491
1 432 48
1 379 167
1 75 761
1 881 22
1 67 474
2 144
3 505 5053 455 3683 492 4921 644 528
2 296
1 860 71
2 383
1 6 913
1 496 547
1 905 964
1 357 604
1 933 174
3 221 2213 969 9691 281 54
1 94 967
1 932 565
1 731 97
1 28 667
1 797 362
2 254
2 43
1 55 94
1 659 469
3 933 8641 264 307
1 359 725
1 273 510
1 850 297
3 606 6061 574 537
1 48 594
1 494 947
1 455 491
1 380 35
3 748 7481 125 561
1 132 84
2 184
1 544 355
2 899
2 413
1 235 273
1 113 17
1 126 36
1 896 33
3 269 911 213 182
1 911 366
1 648 238
3 160 1603 567 5671 464 904
1 413 524
1 287 818
3 659 6593 617 6171 383 798
3 614 1931 504 953
2 955
3 691 6911 103 105
1 970 678
1 456 784
1 325 369
1 223 570
2 87
1 883 26
2 890
1 570 37
3 120 1203 448 4481 123 838
1 586 985
2 659
1 416 682
1 143 75
1 378 784
1 649 934
1 794 25
2 41
1 679 82
1 923 51
1 409 441
1 791 379
1 702 665
1 300 28
2 125
2 341
1 451 293
1 248 332
1 565 624
1 582 423
3 663 6633 33 9931 221 662
3 721 7211 238 77
1 95 683
1 980 659
3 131 1311 787 159
1 440 489
1 818 897
3 540 5401 650 582
3 360 3601 498 676
1 272 12
1 990 498
1 796 149
3 340 3402 28
1 404 433
1 448 241
3 240 2401 617 97
1 788 463
1 603 141
1 792 673
1 444 448
3 388 3881 393 522
2 630
1 318 430
3 544 5441 577 894
1 467 334
1 742 587
1 991 487
1 170 717
1 168 334
1 554 553
1 676 311
3 619 6191 581 556
1 965 115
2 706
1 688 141
1 906 950
3 331 3311 157 595
1 747 278
2 399
2 109
1 594 805
1 334 728
1 619 441
2 409
1 277 2
2 648
1 418 839
1 163 595
1 326 135
1 288 376
3 212 2121 116 685
1 472 497
1 811 593
3 6 61 795 289
1 44 688
1 943 22
1 450 877
1 982 223
1 21 618
1 166 780
1 736 953
3 907 9071 798 26
1 567 674
1 289 210
1 49 245
1 785 776
1 985 734
1 949 173
1 2 743
3 621 6211 428 192
1 566 154
1 602 138
1 141 858
1 770 75
2 314
1 967 598
1 335 908
1 684 844
2 383
1 270 623
1 293 148
2 509
3 590 5901 307 828
2 657
1 51 975
1 831 289
1 607 31
1 947 845
3 581 5561 768 909
1 400 73
1 267 724
1 717 305
1 140 776
1 968 253
3 49 2453 121 1211 17 897
1 954 59
2 191
1 28 401
1 647 893
1 29 933
1 409 727
1 875 2
1 149 517
1 72 972
1 703 830
1 19 213
1 39 579
1 727 257
3 838 8381 148 748
1 528 455
1 868 715
1 986 247
1 835 384
2 413
2 731
1 642 656
3 214 9901 938 9
1 591 785
1 648 353
3 550 3661 429 925
1 701 651
2 21
1 481 745
1 840 781
2 368
1 927 20
3 113 1131 573 705
1 704 458
1 234 86
1 598 609
1 534 53
1 789 729
2 850
1 37 381
1 665 498
1 360 7
1 262 709
1 194 282
1 282 625
1 882 923
1 777 1
1 858 835
1 138 582
1 660 86
2 360
1 674 743
1 257 862
1 229 355
1 107 868
3 839 8391 175 849
1 503 749
1 734 96
1 515 407
1 414 843
1 180 877
1 151 349
2 441
1 172 851
1 609 34
2 138
1 59 702
1 96 553
1 842 975
2 619
1 53 149
1 154 97
1 969 62
3 257 7871 337 827
1 744 200
1 30 690
1 233 900
1 680 33
1 249 742
1 862 213
1 669 581
1 146 623
1 269 887
1 73 8
1 572 214
1 173 494
1 776 79
2 146
3 740 7401 401 875
1 182 340
1 661 751
1 362 354
1 888 314
1 625 772
1 188 809
1 98 88
1 24 350
1 184 311
1 271 500
1 517 873
1 183 884
1 714 168
1 713 884
3 431 4311 499 82
2 357
1 145 178
1 575 185
3 112 1121 355 942
1 624 237
2 738
1 873 816
1 751 58
1 120 128
1 251 490
1 743 940
1 541 994
2 818
1 413 303
2 617
1 510 827
2 111
3 808 751 426 393
1 829 834
3 341 3411 369 339
1 900 33
1 942 242
1 97 168
1 820 120
1 593 550
1 128 633
1 634 749
1 557 386
1 162 753
1 955 790
1 353 475
2 6
1 167 790
1 839 491
1 632 113
1 383 141
1 298 414
1 210 787
1 100 376
1 617 907
1 63 526
1 68 944
1 119 714
1 772 361
3 248 2482 311
2 675
1 105 41
2 676
1 377 723
1 329 511
1 622 281
3 762 7621 304 760
1 629 960
1 260 367
1 408 594
1 874 540
1 953 451
1 15 247
2 183
1 761 266
1 816 817
1 711 407
1 627 541
1 730 967
1 137 758
1 901 45
1 303 308
1 237 327
1 192 233
2 990
3 733 332 423
2 417
1 276 269
3 848 8481 676 695
1 664 42
1 833 653
1 561 354
3 457 4571 412 21
2 829
1 114 432
1 459 230
1 357 713
1 756 405
1 866 485
2 210
3 227 2272 736
1 695 581
1 210 509
1 470 732
3 823 6882 686
1 779 138
3 854 8541 1 359
1 952 275
2 816
1 893 644
1 453 524
1 781 714
1 736 550
1 509 718
1 871 426
1 275 756
1 427 499
1 658 933
1 349 845
3 959 9611 737 585
1 361 656
1 34 866
2 882
1 600 969
1 722 796
1 367 620
1 384 289
2 609
3 180 1801 681 705
1 373 752
1 433 896
1 735 217
3 823 3851 405 45
1 327 395
1 305 378
3 773 7731 83 913
1 620 885
1 47 811
1 217 333
1 345 90
3 287 1762 961
1 82 496
1 828 162
1 131 341
1 340 220
1 45 70
1 740 417
3 222 2221 230 284
3 320 3161 829 36
2 737
1 71 494
3 823 691 547 858
1 605 631
1 718 708
1 341 139
1 144 204
1 70 241
1 708 115
3 634 6341 187 621
1 106 345
2 491
1 115 388
1 843 762
1 10 974
1 308 165
1 590 196
1 537 483
1 818 877
1 388 261
3 185 5752 329
1 261 917
1 292 46
1 139 728
1 931 510
2 161
1 202 958
3 586 5863 174 8843 704 4581 18 163
1 291 560
1 31 834
1 705 256
1 253 204
2 713
1 122 202
1 231 290
1 897 649
2 522
1 903 726
1 376 965
1 758 606
1 458 709
1 518 773
1 917 597
1 613 836
1 386 985
2 282
1 609 648
1 465 210
1 21 853
3 573 5731 560 463
1 887 408
1 551 376
2 433
1 79 949
1 86 661
1 728 630
1 816 89
3 457 4571 295 654
3 64 641 753 122
1 282 37
2 665
2 305
3 729 7891 491 969
1 381 872
1 417 738
1 463 715
2 685
1 420 770
1 311 18
1 845 747
1 501 151
1 278 944
1 844 228
1 996 618
2 409
1 522 260
1 212 483
1 342 455
1 354 982
1 306 642
1 302 224
3 939 9391 732 397
1 904 281
1 673 101
1 944 301
1 643 991
2 680
2 181
1 545 388
2 304
1 301 438
1 387 551
2 740
3 480 4801 438 881
1 614 366
1 5 848
1 999 124
1 333 991
1 476 846
1 861 299
3 186 1861 633 756
1 524 164
1 665 959
1 36 967
3 296 2961 626 632
1 934 194
3 744 7441 169 27
1 38 997
1 872 973
3 559 5591 532 710
3 759 7593 319 9421 973 744
1 685 205
1 200 908
1 89 843
1 925 683
3 544 5441 553 700
1 579 988
1 700 422
2 733
1 576 278
2 302
1 422 912
1 64 840
1 912 802
1 630 309
1 675 951
1 983 533
1 802 566
1 309 439
1 102 875
1 696 444
3 854 8541 46 428
1 437 927
1 439 790
1 236 84
2 967
1 435 605
3 698 6981 963 440
3 316 8391 966 628
1 790 529
2 756
1 305 825
1 825 819
1 164 906
1 819 290
1 756 566
1 290 66
1 66 360
3 699 6991 183 969
3 323 3231 659 828
1 719 357
3 8 4003 874 8741 724 196
1 543 370
1 360 559
1 998 338
1 878 258
1 258 829
1 23 712
1 774 777
1 219 273
2 301
2 884
1 967 770
1 301 503
3 971 9711 749 98
1 314 334
2 704
1 88 619
2 443
1 964 7
1 619 153
1 153 111
1 737 539
1 111 650
1 663 535
1 423 662
2 453
1 662 247
1 453 719
1 692 8
1 763 238
1 713 919
1 16 312
1 7 525
1 595 663
1 869 488
1 488 983
1 655 289
1 533 525
1 525 4
1 227 945
2 422
2 530
1 422 580
1 958 699
2 637
3 193 4211 810 299
1 580 468
1 468 520
3 926 9261 474 369
1 302 125
1 520 152
1 138 712
2 268
1 152 462
1 462 706
1 161 215
3 451 5041 706 849
1 849 783
1 783 686
1 686 720
1 720 481
1 853 894
1 99 52
1 745 272
1 104 11
1 12 144
3 376 3761 204 848
1 93 134
1 848 847
1 847 389
2 629
1 389 801
3 506 5061 801 279
1 279 347
2 83
1 347 527
1 286 202
2 385
3 285 2851 205 364
2 825
1 390 54
1 351 890
1 527 870
1 189 968
1 870 199
1 199 789
3 271 2711 825 449
1 729 222
1 530 909
1 909 72
1 56 76
1 76 227
1 725 9
1 87 412
2 987
1 409 927
1 773 873
1 569 733
1 945 437
1 20 741
2 300
1 741 618
3 310 3101 618 267
1 558 598
1 196 851
2 35
1 457 874
1 851 571
1 452 644
1 571 970
3 189 1893 294 2941 678 164
1 950 186
1 186 148
1 606 255
2 919
3 751 2191 255 104
3 888 8881 11 412
3 46 9741 919 617
1 894 831
1 907 899
2 976
1 899 436
1 436 693
1 65 321
1 628 278
3 798 7981 693 999
2 561
1 124 348
2 772
1 348 707
2 188
1 245 968
1 328 750
2 713
1 772 541
1 538 448
3 432 441 713 822
1 740 344
1 822 177
1 177 923
2 491
2 84
1 975 865
1 133 277
1 780 839
2 612
1 491 599
1 599 54
2 407
1 54 899
1 707 328
1 750 155
1 155 929
1 929 274
1 323 260
1 274 130
1 130 380
3 180 1802 453
1 225 605
3 333 6922 291
2 525
1 487 570
1 453 866
1 485 14
3 787 7871 35 198
1 546 366
1 14 262
1 990 491
1 709 722
1 291 515
3 362 7873 911 7433 298 4141 332 748
1 407 915
1 915 259
1 259 209
1 209 508
3 821 8211 490 11
1 508 417
1 198 29
1 738 798
1 26 136
1 136 397
1 195 161
1 385 447
2 421
1 447 415
3 431 4311 415 505
3 270 2701 505 112
1 112 391
1 391 435
1 188 530
1 631 846
1 244 80
1 846 812
1 812 859
1 859 995
1 995 578
1 578 433
2 873
1 873 396
1 976 328
1 396 368
1 368 610
2 140
1 610 287
1 521 352
1 433 300
3 603 6031 181 843
1 639 899
3 603 3831 300 336
1 395 971
1 336 646
1 946 728
1 646 821
1 821 922
3 979 9791 922 854
1 854 611
1 651 473
1 421 212
1 473 78
2 568
1 78 142
1 142 681
1 256 939
3 55 943 484 4843 531 5311 939 295
3 92 7112 5
1 654 425
1 329 675
1 951 930
3 67 9821 83 834
1 834 63
1 526 806
1 500 526
1 806 533
1 525 629
3 768 7682 311
3 758 1523 357 3571 629 731
1 971 189
1 731 807
1 807 689
1 689 764
1 764 351
1 890 979
3 674 6741 979 16
1 312 105
1 41 752
1 752 132
1 766 51
3 426 8711 84 392
3 634 6343 749 1511 392 205
2 579
1 579 777
1 190 727
3 2 9591 364 441
1 441 793
1 793 330
1 987 883
1 330 42
1 42 694
1 694 40
1 40 65
1 321 569
1 733 961
3 791 3672 257
3 363 3631 961 726
1 726 765
1 765 588
1 74 92
1 125 808
3 638 6381 588 294
1 294 804
1 804 564
1 158 455
1 564 916
1 191 309
1 916 784
1 344 612
2 420
1 612 403
1 403 981
2 510
1 568 273
3 346 3461 981 727
2 700
1 257 973
1 700 856
1 926 658
1 856 414
3 971 1291 420 668
2 946
1 668 184
1 311 424
1 424 677
1 539 756
3 120 1201 677 492
1 531 602
3 453 3602 974
1 454 997
1 920 359
2 288
2 81
2 427
2 112
1 112 676
3 345 6152 344
2 556
1 556 424
1 492 392
1 344 857
1 427 989
1 989 150
1 150 716
1 716 584
1 637 596
1 596 568
3 625 1351 510 855
1 855 224
1 224 879
1 879 232
3 914 9141 232 147
1 147 85
1 85 928
1 928 769
1 769 127
1 127 697
1 443 984
1 984 583
1 583 313
1 313 477
1 5 140
1 140 263
3 203 2031 486 212
1 263 882
1 882 317
3 532 4422 493
2 612
3 128 1201 317 814
1 814 850
3 591 6183 394 3942 658
3 38 4041 850 760
2 683
2 486
2 281
1 760 201
1 493 331
1 331 109
2 278
2 38
1 109 348
3 87 871 278 464
2 283
1 281 296
2 820
3 357 7193 625 6253 269 2081 460 620
3 156 5873 324 3243 401 9783 143 1433 854 3003 763 7633 826 8262 31
1 296 352
2 103
1 352 653
2 256
1 653 268
3 642 3062 750
1 826 631
2 939
1 750 651
3 753 8283 856 5542 276
3 253 3951 256 789
2 868
2 551
1 268 6
2 991
1 6 551
1 551 876
3 549 5493 375 7782 761
3 937 9372 746
2 574
3 602 6021 876 297
1 346 790
1 297 442
2 434
2 96
2 467
1 710 830
2 259
3 354 3621 868 556
1 683 343
1 343 704
3 271 2713 166 1662 611
1 704 371
2 683
1 612 854
2 701
1 683 805
3 404 4542 859
1 259 360
3 820 8203 241 9312 271
1 761 782
2 805
3 401 4011 805 185
2 861
2 462
2 975
1 185 846
2 278
1 278 271
2 366
1 271 408
1 859 10
1 974 643
3 447 3193 716 4172 364
1 364 239
3 300 4542 459
1 991 985
3 804 7262 925
1 96 304
2 385
1 304 975
3 175 6863 550 4383 789 4913 739 7853 187 1872 194
1 385 435
3 403 7673 587 2913 609 603 778 5023 495 4412 873
3 224 8361 975 690
2 68
1 799 848
2 111
1 194 125
3 282 2823 32 322 722
1 782 366
2 377
2 815
1 366 880
1 880 434
3 896 8962 816
2 195
1 434 722
1 873 709
3 759 7593 684 6842 522
3 272 2011 195 760
3 756 9122 931
1 722 377
2 999
1 377 31
3 221 2212 302
1 31 200
2 735
1 239 402
2 716
1 402 910
3 197 1972 437
1 437 320
2 615
3 117 9273 771 7713 787 7871 716 757
2 653
1 910 612
2 883
1 611 310
2 104
1 310 647
3 621 3013 268 2682 775
1 999 187
2 590
1 111 20
2 259
1 104 52
2 97
1 52 701
2 968
1 701 375
3 121 1212 456
3 928 8791 968 735
2 580
1 735 394
3 662 2213 34 342 222
3 442 6833 426 4261 394 861
2 788
1 861 219
2 256
2 938
1 256 539
1 97 962
2 976
1 962 265
2 340
3 442 4451 265 960
2 732
1 960 615
3 948 9483 237 2373 640 6402 990
1 615 340
2 631
1 419 998
2 89
1 259 755
2 121
1 340 863
2 152
2 334
1 863 852
1 755 704
2 402
3 768 9691 402 358
3 643 8462 350
1 371 314
3 209 2093 90 3453 167 7912 656
1 334 527
3 819 8192 747
3 721 7211 222 938
2 62
1 938 917
2 592
1 747 816
2 49
1 816 684
3 759 7592 33
3 670 6701 656 572
2 759
1 990 469
2 453
2 271
1 585 254
1 254 398
3 160 1603 552 5522 803
1 398 468
3 143 1433 992 1813 859 8763 247 5823 944 9443 64 8403 435 2253 386 9743 411 4113 373 652 69
2 929
1 152 895
1 895 218
2 924
1 218 574
3 886 7963 627 6272 83
3 242 3392 823
1 574 969
2 7
1 62 411
1 411 561
2 509
1 561 803
2 426
1 7 305
2 346
1 803 29
3 753 1222 644
1 509 215
2 604
1 592 426
3 626 7642 39
1 426 446
3 271 2712 518
1 456 452
2 600
1 446 292
2 177
1 921 813
2 127
2 348
3 884 8843 593 2991 127 850
3 934 3962 335
2 536
3 343 1681 348 616
1 33 645
1 39 992
2 781
1 644 427
3 238 2383 230 2842 255
1 255 497
3 238 2382 157
1 518 43
3 746 7462 706
3 269 911 43 930
2 693
1 83 884
3 944 5033 474 873 680 6802 951
1 884 278
3 551 5642 964
2 772
1 271 435
1 631 754
3 281 2812 808
1 754 940
3 398 2713 841 8413 214 9433 820 8202 557
1 808 512
3 261 8483 464 9043 163 3322 935
1 937 333
3 987 9872 560
1 512 946
3 118 7682 352
1 946 817
3 209 2093 667 6672 901
1 817 484
2 918
1 484 511
3 961 4502 35
1 511 925
2 643
3 920 4981 925 887
3 888 8492 290
1 643 832
3 64 7813 128 6513 392 1183 440 6522 508
1 832 666
3 15 152 771
2 710
1 666 675
1 951 901
2 690
1 901 924
3 404 8212 32
1 924 380
2 896
1 690 339
2 99
2 981
2 167
3 382 3821 35 455
1 693 746
1 746 833
2 161
1 653 929
2 921
3 412 5071 929 590
3 916 3043 341 8853 988 9882 389
1 590 64
2 713
1 781 931
3 739 7393 282 2822 511
1 511 250
3 905 9642 488
2 663
3 544 5441 522 786
3 95 2691 786 935
3 443 5833 95 952 159
1 935 226
2 808
1 808 519
3 253 2533 291 5153 557 5572 849
1 519 123
2 806
2 71
1 931 601
1 601 453
3 935 5112 412
1 453 876
3 738 4173 671 8532 756
1 68 880
3 624 5653 463 7152 187
1 710 562
3 914 9173 129 1883 819 8193 423 5822 982
1 562 706
2 736
1 706 644
3 800 7672 26
1 756 981
3 11 4903 291 1882 577
1 981 788
2 955
2 601
1 601 268
3 635 6351 788 276
3 742 2493 682 9422 570
1 276 177
2 514
3 157 1573 245 2451 412 489
2 162
1 680 828
2 444
1 177 955
2 313
1 955 18
2 234
1 663 417
3 198 252 791
1 26 372
3 197 9802 224
1 224 140
3 904 2962 94
2 660
1 372 638
1 982 10
3 703 7033 642 2283 733 423 329 6543 972 333 178 1782 385
1 638 583
3 77 412 426
1 426 699
2 932
1 313 459
3 873 3653 405 4053 114 1143 158 1582 82
1 346 637
3 768 7683 910 9102 734
2 400
1 459 481
1 389 209
2 65
1 508 736
2 154
1 736 566
3 396 3963 44 442 637
1 772 539
3 703 7033 369 672 895
1 154 173
2 716
1 167 349
2 28
1 895 60
2 470
1 716 63
2 673
1 806 106
3 292 4463 119 1192 519
1 964 875
2 743
1 519 499
3 983 9833 390 6123 232 147