1 426 401
1 544 722
1 972 732
1 329 432
1 582 692
1 25 652
3 811 8111 599 375
3 407 4071 376 720
1 226 922
1 879 650
1 502 592
1 580 96
1 279 980
1 822 387
1 559 409
3 802 8021 385 627
1 158 606
1 944 478
3 760 7601 333 244
1 988 841
3 878 8781 905 618
1 286 436
1 338 421
1 750 70
3 518 5181 820 247
1 585 760
1 186 958
3 134 1341 513 814
1 739 23
1 967 308
1 801 595
1 29 221
3 110 1101 213 395
1 402 697
1 600 379
1 798 676
3 169 1693 740 7403 873 8733 686 6863 371 3711 703 780
1 96 711
3 596 5961 361 909
1 653 220
1 357 914
1 762 798
1 907 196
3 529 5291 227 339
1 270 275
1 343 86
1 184 632
1 713 467
1 195 143
1 681 968
1 173 246
3 783 7833 458 4581 736 754
1 856 94
1 618 158
1 563 852
3 732 9721 231 900
3 68 681 372 776
1 606 19
1 531 223
1 574 568
1 765 151
1 300 793
1 518 389
3 620 6201 452 362
1 432 198
1 434 263
1 194 920
1 142 250
1 398 225
1 982 761
1 537 673
1 199 169
1 234 145
1 651 421
1 151 763
1 995 928
1 345 646
1 593 823
1 235 151
3 30 301 477 359
1 172 961
3 563 8521 566 111
1 99 276
1 471 128
1 829 900
1 753 666
1 240 214
1 858 701
1 428 650
1 395 585
1 945 176
1 823 41
1 2 873
1 13 595
1 455 794
1 41 94
1 529 300
1 676 168
1 998 127
3 873 8731 918 20
1 920 652
1 720 193
1 52 961
3 405 4053 230 2301 128 970
1 487 925
1 759 195
2 345
3 378 3781 597 678
1 777 360
1 643 477
1 868 849
1 652 841
1 7 802
1 267 524
1 262 430
1 862 595
3 716 7161 595 1000
1 61 83
3 807 8071 833 70
1 503 356
3 118 1181 364 307
2 300
1 925 478
1 1000 751
1 430 838
1 855 503
1 489 297
1 313 95
3 528 5281 926 548
1 453 581
2 606
1 389 531
1 547 642
1 633 27
1 394 440
1 276 39
1 205 534
1 475 965
1 421 422
1 178 823
1 834 762
2 652
3 562 5621 847 284
1 852 762
1 955 35
1 187 291
3 26 261 400 535
2 428
2 227
1 620 735
1 312 259
1 797 757
2 995
1 70 508
1 168 209
3 471 1281 176 526
3 65 651 478 578
2 475
2 703
2 597
1 805 297
2 944
1 482 987
2 676
1 257 811
2 967
1 654 560
1 94 150
1 209 228
1 384 477
1 859 344
3 142 1422 862
1 26 168
1 193 715
1 727 459
2 400
3 213 2133 797 7971 944 343
1 606 455
2 478
1 277 114
1 792 733
1 12 159
1 336 306
1 961 181
1 541 659
2 343
1 129 36
1 75 121
1 22 568
2 7
1 335 704
1 607 988
1 578 201
2 455
1 14 231
1 104 32
1 297 207
2 453
1 838 110
1 356 343
1 527 993
1 790 582
1 221 325
1 973 504
3 768 7681 363 164
1 164 500
1 509 442
1 984 800
1 728 217
1 120 729
1 425 948
1 198 363
1 463 954
1 143 387
3 384 6431 315 267
1 93 290
2 277
2 618
1 30 203
3 165 1651 145 843
1 718 334
1 256 233
1 81 216
1 628 772
1 177 308
2 434
1 935 554
1 520 399
1 692 523
2 920
3 600 6001 916 516
1 83 763
1 204 15
1 455 919
1 976 850
1 459 290
1 733 245
1 987 824
3 721 7213 570 5701 481 53
1 757 834
1 934 697
1 885 60
2 502
1 150 422
1 170 871
1 618 767
1 519 294
1 649 253
2 333
1 560 57
2 199
1 122 760
1 159 940
1 702 703
1 53 452
1 496 214
1 532 768
1 225 873
1 435 222
1 474 728
1 897 170
1 8 716
1 799 570
2 193
1 399 7
3 714 7141 79 87
3 555 5552 972
3 739 7391 111 781
1 567 424
1 319 249
1 841 585
3 277 2773 995 9951 893 618
1 920 980
1 534 43
3 878 8781 836 823
3 948 9481 121 156
2 798
1 869 872
3 159 1591 237 425
3 503 8551 996 908
1 508 255
1 354 306
2 762
1 650 842
1 362 639
3 99 991 124 857
1 110 271
2 170
2 790
1 325 469
1 523 979
2 982
1 18 129
3 654 6541 732 888
1 7 751
1 433 92
3 614 6142 879
1 293 779
1 28 746
1 343 238
1 657 362
1 616 60
2 578
1 711 649
2 750
2 477
1 54 999
3 476 4761 450 819
1 763 912
1 642 947
1 948 783
2 336
1 344 551
1 350 178
1 259 242
1 873 441
1 986 48
1 981 547
1 782 844
1 181 304
1 468 742
1 791 778
1 328 844
3 584 5843 40 402 168
2 563
1 355 50
1 324 824
1 419 958
2 463
2 104
2 29
2 198
2 582
1 416 373
1 334 320
2 129
2 256
1 373 528
3 861 8611 853 380
2 172
1 807 955
2 213
3 432 4321 506 784
1 761 218
1 903 227
1 103 688
1 332 190
2 509
3 603 6033 322 3221 591 746
1 314 348
1 672 747
1 919 770
1 568 172
1 917 519
1 263 476
1 913 39
3 435 4352 328
1 551 919
1 594 933
1 690 792
1 664 327
1 247 151
2 482
3 848 8481 217 335
1 318 437
1 212 859
1 271 722
1 253 109
3 40 401 951 498
2 262
1 578 167
3 694 6941 460 126
1 69 83
1 457 797
1 387 127
1 668 215
1 677 339
1 788 613
3 551 6061 554 110
1 964 651
1 827 669
3 982 9821 179 201
1 371 19
1 422 728
1 862 705
1 722 658
1 669 154
1 848 999
2 833
2 829
1 528 637
3 237 2371 751 985
1 458 420
1 928 568
3 367 3672 763
1 207 200
1 665 805
2 194
3 676 6761 47 431
1 548 323
2 489
1 275 405
2 823
1 947 582
1 824 902
1 872 551
1 512 342
1 441 661
2 314
1 915 592
2 257
3 381 3813 580 5801 342 703
2 948
1 703 679
1 746 181
1 227 211
1 440 684
1 349 875
3 973 5041 540 32
1 725 65
1 694 751
2 873
1 658 133
1 740 666
1 133 573
3 14 141 482 400
3 810 8101 454 181
1 345 534
1 828 983
3 949 9493 329 1981 197 40
3 566 5661 879 79
2 537
1 469 303
2 459
3 854 8541 785 546
2 996
1 255 873
3 908 9082 529
1 264 856
2 96
1 958 519
1 57 496
1 76 486
1 156 91
1 794 831
1 411 778
2 585
1 995 195
1 507 756
1 91 873
1 144 459
1 543 273
1 437 672
1 831 53
1 119 736
1 405 828
1 224 689
1 635 138
1 627 814
1 909 314
1 980 935
1 35 601
2 186
2 765
2 635
3 698 6982 83
1 268 115
1 704 950
1 378 564
1 970 193
1 480 120
3 463 4631 304 450
1 62 351
3 898 8981 901 289
2 568
1 82 781
1 585 299
1 833 958
2 718
1 839 434
1 127 161
1 320 301
1 198 133
1 401 202
1 891 574
1 477 858
2 133
3 163 1632 520
1 409 243
3 713 7131 33 261
3 713 7131 40 777
1 129 794
1 539 27
2 22
2 267
1 773 640
3 879 8791 59 958
1 486 298
1 712 523
1 781 803
1 941 262
1 117 867
3 230 2302 79
3 696 6961 191 874
2 606
3 621 6211 66 416
1 96 132
1 92 866
1 424 166
1 874 305
1 115 744
1 823 440
3 955 9551 202 356
3 677 3391 754 156
1 940 293
2 523
1 323 992
3 318 3183 318 4373 410 4103 334 3201 621 394
1 262 537
1 133 60
2 457
1 763 691
1 89 450
1 131 15
1 485 672
3 987 9871 873 393
2 262
1 906 1
1 877 278
3 711 2531 292 355
1 778 359
3 443 4431 647 567
1 960 847
3 982 9821 966 25
1 648 706
1 555 277
1 418 937
1 867 516
1 242 680
1 575 915
3 567 6471 214 844
2 89
3 108 1081 393 83
2 325
1 959 704
2 33
1 95 141
1 446 338
1 375 912
1 60 618
1 999 742
1 678 395
1 568 195
1 32 291
1 448 372
1 577 561
1 193 361
1 325 356
1 950 284
1 997 144
1 767 446
1 166 680
3 920 5541 473 345
1 744 318
1 19 557
1 564 11
1 639 775
1 83 219
1 983 283
1 284 888
1 686 394
2 332
1 339 796
2 389
1 303 834
2 916
1 583 896
1 79 924
1 380 252
1 254 127
1 78 460
3 22 221 34 395
1 819 934
1 291 491
1 610 231
1 294 865
3 843 8431 299 154
1 388 203
1 603 433
3 226 2261 307 964
1 238 804
1 803 178
3 574 8911 504 910
1 168 613
3 463 4631 985 395
1 328 503
1 250 271
1 825 497
3 418 4182 988
1 762 93
2 432
1 679 41
1 535 680
1 888 993
1 804 294
2 426
2 507
1 850 486
3 398 2251 601 336
2 255
1 705 638
1 892 265
1 931 801
1 167 12
1 691 236
1 689 623
1 39 83
2 678
1 684 455
1 132 404
1 688 683
1 865 311
3 181 8191 290 541
1 890 88
3 609 6091 582 653
3 160 1602 477
3 798 7981 863 812
1 962 865
1 308 655
1 522 336
1 256 303
1 776 92
1 306 811
1 476 240
1 267 698
1 870 493
1 477 174
1 723 603
1 775 255
2 791
1 459 461
1 655 304
2 12
1 467 250
2 664
1 930 852
1 770 977
1 501 934
1 977 253
1 311 305
1 43 31
1 993 944
2 539
3 628 6281 854 639
1 652 752
1 298 881
1 525 829
1 844 179
1 992 116
3 75 753 66 4161 659 357
3 622 6221 991 255
1 71 545
1 432 916
2 76
1 305 711
2 334
3 633 6332 292
1 484 57
1 352 287
1 747 610
3 548 5481 826 174
1 201 216
2 71
1 15 532
2 279
1 72 49
1 236 583
1 623 16
1 949 52
3 263 2631 109 358
2 633
1 478 571
1 948 394
1 216 718
1 358 152
3 71 713 62 621 972 882
1 674 578
1 152 509
1 407 744
1 509 571
1 383 507
2 393
2 454
1 571 826
1 174 549
1 382 610
1 498 713
1 252 814
1 42 786
2 53
1 631 967
3 501 5013 495 4951 219 578
1 470 883
1 829 853
3 502 5021 23 118
1 912 452
1 882 387
1 102 443
3 863 8633 671 6711 182 639
1 161 974
1 612 219
1 866 600
1 914 331
3 599 9121 789 953
1 974 235
2 506
3 283 2833 281 2811 491 74
1 933 541
1 552 753
1 341 700
1 379 770
2 782
1 701 277
2 805
2 75
1 549 192
3 473 431 842 654
1 21 890
3 647 6473 463 4631 38 999
1 780 952
3 850 9761 283 387
1 444 954
1 169 624
1 849 417
1 860 172
1 709 458
1 805 509
2 688
1 192 239
1 718 958
3 145 2341 900 950
1 558 895
1 239 58
1 431 282
1 488 24
3 805 8053 877 8772 478
2 40
1 875 838
1 814 929
1 58 452
1 454 681
1 871 548
1 645 633
2 480
1 881 838
1 840 527
1 255 132
1 230 766
1 461 401
1 404 736
1 846 853
1 31 470
2 15
1 126 580
3 383 3833 473 3451 277 626
1 466 867
1 857 591
3 510 5101 331 651
3 989 9891 546 291
3 699 6991 910 846
1 108 662
1 6 146
1 423 781
3 392 3921 393 965
1 927 324
1 300 900
1 779 673
1 965 336
1 336 562
3 489 4893 425 4251 562 886
1 886 772
1 772 792
1 550 146
1 932 186
1 245 162
1 971 566
2 966
1 895 751
2 850
1 162 9
2 984
1 707 757
3 694 6941 592 259
2 395
1 9 55
3 702 7021 55 438
1 576 53
2 311
1 85 978
1 637 219
3 998 9981 248 332
1 815 725
1 480 920
1 812 668
1 680 488
1 978 853
3 372 4481 758 558
1 311 687
2 707
1 687 909
1 604 205
1 438 914
1 314 326
1 12 159
1 326 366
1 412 183
1 366 71
1 228 61
1 24 909
1 693 563
1 71 262
1 262 947
1 673 350
1 908 317
2 331
3 323 9261 500 181
1 929 561
1 50 922
1 331 537
1 153 99
2 82
1 53 196
1 697 827
1 269 430
2 388
1 787 475
1 287 408
1 537 527
1 220 462
1 462 998
1 386 258
1 896 385
1 561 388
3 594 5941 492 198
3 398 3981 388 321
1 278 298
3 473 3451 165 225
1 569 193
2 594
3 191 1911 626 662
3 963 9631 321 435
1 33 853
3 259 3381 613 419
1 222 265
3 813 8131 149 712
1 241 176
1 734 700
1 265 539
1 539 884
1 884 454
1 359 251
1 4 697
3 727 7271 624 112
1 968 135
3 631 9671 586 851
3 979 9791 147 432
1 289 427
1 135 607
1 988 164
1 154 490
1 279 379
1 490 530
1 530 118
1 118 80
3 300 3001 878 899
1 80 861
1 861 773
1 782 3
1 11 315
1 395 848
3 586 5861 272 770
3 782 7821 410 611
1 64 378
2 102
1 640 100
1 714 405
1 696 124
1 112 837
1 100 644
1 609 451
1 346 315
1 967 545
1 644 426
1 426 157
1 157 339
1 796 990
1 883 89
1 937 214
1 990 867
3 515 5151 742 909
2 290
1 139 874
1 516 945
1 526 120
2 419
1 729 715
1 715 189
1 189 916
1 196 1000
2 216
2 999
2 621
1 916 936
1 936 479
2 746
1 397 872
1 290 900
1 427 24
2 582
1 582 204
1 942 766
2 854
1 15 97
1 206 354
1 479 378
1 97 694
2 970
1 337 536
1 621 566
3 894 8941 216 164
1 698 924
1 288 199
1 688 933
3 955 6731 924 103
1 999 134
3 822 6811 545 781
1 602 301
1 134 445
1 445 743
3 805 611 243 282
2 680
1 389 98
1 656 149
1 587 352
1 706 676
2 52
1 743 403
1 403 197
1 40 62
3 501 5012 61
1 608 614
2 393
1 922 776
2 759
1 351 25
1 752 635
2 958
1 478 915
1 635 1
1 292 990
1 393 664
1 1 330
1 664 585
3 938 9381 89 269
1 520 309
1 101 351
1 330 811
1 811 37
1 37 570
3 522 7921 463 217
1 570 429
1 429 542
1 542 411
1 251 218
3 65 7252 66
3 528 2371 332 363
3 860 8601 218 518
1 98 843
1 843 194
1 517 491
1 680 507
3 881 8811 194 316
1 556 907
2 239
1 16 694
2 364
1 396 335
1 239 576
1 316 521
1 523 978
2 780
1 113 798
2 41
1 521 890
1 88 619
1 958 138
1 619 609
1 451 208
1 414 686
3 165 1652 157
1 157 576
1 208 90
1 170 403
1 90 606
3 901 9011 606 439
2 318
1 439 140
1 483 147
1 678 998
1 246 823
1 140 760
1 746 143
1 334 675
3 125 1251 309 836
3 826 9771 66 895
1 183 627
3 696 1241 301 960
2 299
1 299 813
1 760 902
1 507 55
1 390 607
1 36 568
1 902 106
3 437 4371 106 258
1 258 790
1 790 939
3 529 5291 731 530
1 939 970
1 130 670
1 802 944
1 970 73
3 929 9291 74 446
1 614 475
1 73 370
1 370 86
1 86 657
1 813 407
1 318 297
1 200 979
1 979 465
1 465 553
2 277
1 553 364
1 364 420
1 104 317
1 420 44
1 44 966
2 591
3 248 2481 436 578
1 966 845
1 845 369
1 282 947
1 369 952
1 952 976
1 408 791
1 850 700
1 529 236
1 670 595
1 756 49
1 27 6
3 608 6141 419 695
3 26 261 700 638
1 61 464
1 374 739
3 349 3491 638 724
1 724 837
1 837 903
1 211 923
1 923 499
1 333 230
1 400 622
1 499 646
1 646 707
1 707 87
1 87 95
3 761 7612 882
1 141 46
1 46 611
1 768 904
1 137 5
1 611 764
1 764 996
2 101
2 345
1 996 68
1 76 244
3 654 8421 68 693
1 563 381
1 229 63
2 947
1 947 629
1 381 20
2 908
1 20 677
1 629 666
1 632 388
1 666 882
1 759 852
1 953 121
1 882 702
1 41 203
1 203 636
3 222 6973 6 271 138 395
3 622 6222 235
1 636 210
1 938 975
1 210 443
1 443 148
1 148 634
2 866
2 942
1 634 717
1 717 456
1 456 5
3 384 4771 5 377
1 377 371
3 365 3651 235 550
1 683 900
3 983 9831 557 946
1 946 367
3 599 5991 367 633
1 633 675
1 497 785
1 322 2
1 675 860
1 172 63
1 63 143
1 146 51
2 828
1 51 975
1 56 286
1 975 160
1 160 510
1 510 591
1 573 39
1 591 400
1 107 529
1 622 818
1 818 989
1 989 352
3 705 8623 129 1291 791 449
2 847
3 34 342 231
2 309
1 866 306
1 280 392
1 449 835
2 435
1 835 529
1 894 506
1 830 722
2 439
2 926
2 120
1 435 836
1 439 364
1 120 786
1 786 101
2 967
1 101 726
1 726 520
1 309 555
1 277 887
1 887 741
3 413 4131 741 65
1 65 113
3 228 2091 798 123
1 123 228
1 464 155
1 155 533
2 995
2 47
1 533 626
1 662 597
1 597 347
1 347 921
3 296 2963 842 2633 288 2882 729
2 236
1 921 223
3 657 7751 236 500
1 447 448
1 223 602
1 475 758
1 847 185
2 600
1 185 565
3 608 6142 269
1 360 800
1 565 434
1 434 48
1 48 969
1 969 457
3 892 8841 457 317
3 476 4762 400
3 57 4961 579 622
1 215 586
1 780 559
3 594 5941 317 596
1 596 60
1 400 851
1 851 168
1 695 783
2 460
1 765 723
1 783 682
1 682 620
1 735 514
1 514 515
1 515 511
1 511 949
1 52 368
1 368 285
1 285 774
1 774 249
2 192
3 42 421 249 631
1 967 321
1 192 708
1 708 782
1 3 76
1 244 630
1 630 78
1 460 365
2 513
1 365 809
1 809 333
1 766 470
1 269 750
2 78
2 948
1 78 269
1 750 729
1 729 14
1 231 908
1 908 963
1 963 719
1 719 661
2 998
1 661 45
2 596
3 997 9972 166
2 473
2 401
3 72 491 596 692
2 826
1 45 637
1 826 295
1 295 175
1 948 676
3 727 7271 175 472
2 297
1 472 163
1 105 277
1 297 503
3 165 1031 163 493
1 493 49
1 49 232
3 184 1841 232 273
1 273 676
1 676 548
1 116 749
1 749 889
1 506 451
1 889 581
3 927 9271 581 899
3 748 7481 899 667
2 614
1 667 598
1 598 337
1 536 769
3 716 7161 769 806
1 806 473
1 473 984
1 984 125
1 125 816
1 784 435
1 800 237
1 816 588
1 588 288
1 199 793
1 793 663
1 663 524
1 617 143
2 103
1 524 532
1 904 755
1 998 338
1 755 67
2 675
2 68
2 793
1 793 243
1 675 936
2 536
1 103 360
1 536 638
2 480
3 478 4871 68 730
2 969
3 501 5012 443
3 879 792 362
1 443 721
1 730 664
1 721 102
2 369
2 717
1 102 332
2 146
1 369 20
1 969 172
3 280 2802 443
1 146 349
3 956 9563 819 9372 653
1 443 567
3 164 533 501 9882 44
3 560 8421 67 625
3 645 6452 227
1 166 622
3 79 8793 959 9593 453 4533 923 2112 119
1 44 525
2 910
1 227 480
3 505 5052 530
3 592 4781 480 721
2 797
1 530 932
3 3 6433 980 9802 124
2 721
1 625 219
1 362 303
2 936
1 186 226
3 222 2222 656
1 721 5
3 958 9582 792
1 936 502
2 359
1 660 480
3 512 5123 274 2743 25 2043 796 3813 69 2002 393
2 791
1 717 828
3 602 1083 11 9713 481 4811 656 67
3 138 163 997 4592 300
1 791 553
2 379
1 502 817
2 971
2 20
3 354 3543 126 5801 817 718
1 359 772
2 79
1 792 461
2 687
1 401 242
2 72
1 687 392
2 93
1 392 615
2 370
1 615 413
2 95
1 413 190
3 871 8712 467
1 190 386
3 169 1693 410 9962 902
2 249
1 370 406
1 406 851
3 807 9552 215
1 249 693
2 183
3 388 9721 20 789
2 959
1 393 412
2 386
1 183 821
3 288 5822 240
1 386 857
2 835
3 229 2291 821 854
3 266 2663 907 563 554 1953 602 3973 265 9683 938 512 743
1 854 959
3 373 6103 512 5123 12 5183 791 8163 191 7113 390 1773 267 1033 414 4142 840
1 959 12
3 586 5862 438
1 743 771
2 285
3 966 9661 438 986
3 221 3253 322 5802 446
1 495 271
3 870 8703 888 6833 717 7172 496
1 771 79
3 556 4813 559 5593 951 9512 222
1 446 427
3 549 7083 20 203 951 9512 357
1 79 699
2 469
1 699 331
2 798
1 285 653
3 920 9802 251
1 653 757
2 5
1 5 815
2 277
1 798 213
2 526
1 213 77
3 447 4472 94
3 70 5081 77 737
3 28 283 924 642 74
2 199
1 737 494
2 729
1 494 491
3 516 3393 973 5042 192
2 80
3 502 3291 74 53
1 95 214
1 93 310
3 371 3772 375
1 310 816
2 847
2 563
1 641 829
1 199 599
3 329 7152 387
2 781
2 718
2 141
2 278
2 364
1 387 202
3 938 9751 375 334
3 477 3841 718 348
3 997 9971 348 989
1 364 476
1 240 114
3 487 9252 532
1 114 319
2 42
1 563 278
3 953 5083 262 1333 475 7873 918 22 390
1 278 17
2 698
1 17 257
2 811
3 388 21 257 313
3 980 9352 5
3 573 9631 811 532
2 19
1 584 535
3 197 1972 915
1 5 943
2 133
1 943 47
2 483
3 35 6011 532 478
3 355 3553 610 2313 769 7692 439
2 531
1 915 660
1 847 150
3 909 3072 760
1 47 496
3 336 2883 281 2813 429 6013 307 3073 768 6562 528
1 496 926
3 887 8872 162
2 189
1 698 77
3 41 2101 926 933
2 315
2 846
1 357 260
3 153 7751 260 27
2 446
3 631 6313 793 7801 133 90
3 475 7582 807
1 439 215
2 805
1 274 363
3 325 6623 437 4373 457 332 586
1 215 738
2 923
1 738 498
3 815 8153 801 4262 265
3 962 1151 467 377
3 887 8873 723 4333 499 6462 431
1 19 281
2 55
1 281 714
3 414 5082 213
1 828 80
3 320 4642 773
1 80 261
3 565 5652 780
1 261 601
2 568
3 991 911 55 957
2 476
1 957 327
3 927 9273 918 9662 717
1 417 209
3 148 1482 395
1 760 55
2 237
1 327 786
2 856
1 265 948
3 361 7932 370
1 277 689
3 621 5663 82 822 626
3 2 3941 395 209
2 106
1 626 134
2 800
1 476 665
2 365
1 805 564
2 331
3 437 6723 120 1202 151
1 315 355
2 176
1 331 824
1 880 95
2 404
3 220 2203 252 4481 902 444
2 58
1 954 545
3 801 132 139
1 538 285
3 179 8443 304 3092 830
3 571 5141 781 70
3 312 3122 578
1 404 56
2 775
1 578 292
2 445
1 445 477
2 329
1 192 84
2 259
2 960
2 824
1 84 124
1 124 672
2 472
2 746
1 176 43
1 729 60
2 997
1 446 631
1 472 373
2 18
3 328 5191 106 366
2 579
1 528 189
2 372
2 804
1 824 846
1 189 343
3 29 292 787
1 804 345
2 543
1 345 223
3 147 6662 209
3 720 7203 481 2671 442 565
2 999
1 923 631
3 981 9812 593
2 754
1 483 226
1 209 96
2 886
1 886 671
2 312
1 960 200
3 499 4992 629
1 671 568
2 465
1 568 993
3 583 5832 262
1 465 736
2 80
1 80 108
3 989 6202 567
1 754 251
3 982 9823 28 282 26
2 523
1 251 629
3 220 2202 465
1 29 869
1 370 809
3 857 8653 607 7313 808 8083 664 4103 859 2123 508 6373 510 512 282
1 139 343
2 669
1 465 972
3 529 5292 776
1 669 259
2 104
1 773 810
2 200
1 776 116
2 734
1 200 4
2 219
2 352
1 259 864
1 864 526
2 24
3 376 5691 526 431
2 776
1 431 538
3 465 3422 461
1 461 956
2 869
1 24 955
3 986 1722 923
2 988
1 352 979
1 567 226
2 563
1 776 331
