1 832 972
1 524 253
1 176 811
1 341 845
1 759 100
1 745 572
1 794 224
1 851 210
1 392 984
3 85 853 437 4371 314 730
1 578 672
1 691 958
1 946 575
1 564 28
1 972 968
1 400 964
1 816 76
3 866 8661 710 567
3 539 5391 5 828
3 158 1581 704 317
1 28 106
3 946 5753 995 9951 936 428
1 297 364
1 647 369
1 858 669
1 738 192
1 100 506
1 47 346
1 902 221
3 596 5963 451 4511 175 37
1 511 565
1 161 466
1 867 942
1 483 506
3 578 5783 323 3231 135 992
3 390 3901 905 259
1 479 36
1 741 822
1 908 495
3 695 6953 646 6461 837 504
1 731 622
1 309 779
1 629 352
1 541 12
1 615 827
3 107 1071 677 259
1 811 612
1 628 386
1 27 845
1 415 99
1 393 843
1 554 857
1 476 931
1 307 749
1 313 728
1 765 778
1 686 543
1 550 50
3 392 3921 129 501
1 729 39
1 780 312
1 263 777
1 87 516
3 544 5441 504 930
1 302 540
3 153 1531 290 882
1 405 314
1 478 946
1 83 423
3 993 9931 624 761
1 884 572
1 266 740
1 141 851
1 493 380
1 69 14
1 556 157
1 225 307
1 340 805
1 283 673
1 503 903
1 687 756
1 232 378
1 674 256
1 404 518
1 544 349
1 172 519
1 772 519
1 39 755
1 540 709
1 618 717
1 875 647
1 378 473
1 473 691
3 799 7991 997 772
1 598 816
1 365 766
1 42 278
1 26 416
1 993 284
1 786 497
1 536 228
2 686
1 673 590
2 340
3 57 571 847 895
1 65 555
1 250 535
1 534 87
1 14 832
2 618
1 305 510
1 703 298
1 328 828
1 75 408
2 263
2 884
1 516 665
3 539 5391 501 769
1 547 191
1 285 235
2 511
1 59 9
1 930 169
1 268 666
1 470 768
3 759 1001 464 623
2 307
1 938 435
1 656 948
1 335 372
1 617 679
3 885 8851 531 504
3 906 9061 296 377
2 297
1 280 208
1 850 811
3 613 6131 672 512
1 466 7
1 222 338
1 279 107
1 562 482
1 558 860
1 818 630
1 785 169
2 729
1 545 477
1 495 161
1 700 156
3 896 8962 710
1 191 23
1 267 332
1 126 613
2 285
1 321 776
3 504 5311 954 362
1 584 591
1 31 257
1 526 394
1 477 410
1 903 147
1 823 602
1 697 713
1 387 739
3 375 3751 597 949
1 48 658
2 554
1 319 263
1 169 849
3 571 5712 615
1 17 775
1 525 906
2 544
1 839 134
3 587 5871 623 796
1 348 902
1 494 652
1 119 995
1 50 67
1 841 558
1 261 863
1 116 355
1 778 887
1 854 755
2 936
1 934 935
1 33 472
1 626 904
2 119
1 262 885
1 955 645
1 606 54
1 257 383
1 590 266
1 106 855
1 575 418
3 166 1661 967 571
2 75
1 574 79
1 386 734
1 943 578
1 264 843
1 246 35
1 426 611
1 103 176
1 637 516
1 984 276
1 542 287
1 352 3
1 663 240
2 731
1 962 789
1 213 926
1 572 922
1 170 330
3 160 1603 318 3181 981 479
1 694 379
1 67 770
3 165 1652 954
3 592 5921 667 357
2 305
1 58 59
1 51 188
1 815 132
2 267
1 695 458
1 995 236
1 86 607
1 849 694
2 741
2 598
1 49 904
1 140 96
1 609 72
3 825 8251 146 798
1 217 522
3 875 8751 668 568
2 261
1 828 755
1 362 841
1 713 487
1 143 556
1 507 342
1 942 723
1 658 8
1 988 30
1 931 962
3 507 5071 315 754
1 900 485
1 949 765
1 205 521
2 415
2 934
1 411 721
1 940 52
1 864 491
1 133 126
1 825 679
1 773 913
1 3 221
2 213
1 603 118
1 740 110
1 145 36
1 824 438
1 159 632
2 765
1 571 347
1 709 404
1 336 932
1 310 693
1 796 171
3 876 8761 390 99
3 302 3021 183 765
2 336
1 676 710
1 91 968
1 746 533
3 353 3533 149 1492 578
1 2 678
1 186 207
1 242 809
1 269 593
3 69 693 290 2901 255 487
1 331 111
1 798 194
2 42
1 298 141
2 262
1 325 622
1 343 832
1 231 401
1 1 672
2 3
2 908
1 30 435
1 689 889
3 938 9381 909 749
1 518 1
1 153 133
1 410 494
1 782 632
2 269
1 342 667
1 861 609
3 225 2251 110 48
1 577 193
1 373 507
1 566 168
1 768 147
1 936 989
3 598 5981 168 119
2 796
1 771 820
1 317 606
2 818
1 379 637
1 215 933
1 652 644
2 466
1 927 274
1 820 294
1 66 941
1 734 839
2 518
1 935 922
1 23 472
1 866 667
1 721 831
1 646 269
1 506 107
3 967 9671 723 222
1 18 279
1 908 29
1 607 308
1 40 80
1 395 500
2 909
2 362
3 106 1061 105 27
1 22 636
1 54 727
1 355 462
1 81 922
1 739 572
1 583 782
1 307 412
3 146 1463 317 3171 398 172
1 657 316
1 775 478
1 907 150
1 482 735
3 910 9101 303 389
1 961 194
1 845 9
3 327 3272 550
2 135
1 594 476
2 658
2 905
1 107 809
1 484 669
1 84 368
1 865 306
2 183
3 126 1262 482
2 464
3 174 1741 727 365
1 53 237
1 954 415
1 645 750
1 485 785
1 339 213
1 72 10
1 338 293
1 433 536
1 765 254
1 699 672
1 249 180
2 176
1 913 875
1 354 151
1 362 483
1 595 298
1 262 891
1 890 269
3 633 6331 921 574
1 859 136
1 284 286
1 20 299
3 801 8013 315 3151 644 184
2 170
2 352
1 229 1000
1 679 96
3 319 3192 50
1 57 43
1 472 283
1 932 483
2 504
3 475 4751 368 402
1 846 102
1 356 739
1 665 41
1 418 514
3 341 3413 994 9943 596 5961 347 841
2 27
1 926 129
3 773 9133 139 1393 495 4951 803 195
1 181 169
3 547 231 487 639
1 41 37
1 408 16
3 406 4061 836 93
1 733 219
3 711 7111 567 344
1 560 625
2 629
1 548 452
1 233 316
1 633 295
2 745
1 436 505
1 27 372
1 678 903
1 833 688
1 602 232
3 303 3033 211 2111 934 135
1 460 232
1 286 754
1 21 206
1 718 316
2 531
3 489 4892 279
1 293 412
1 535 182
1 37 601
1 6 690
1 922 90
3 850 8501 394 199
1 214 250
1 630 534
1 710 89
1 182 155
1 650 324
1 895 454
1 167 880
1 970 22
1 306 424
1 147 106
3 663 6631 120 870
1 372 42
1 834 89
1 194 643
1 35 196
1 419 76
1 855 930
1 898 346
1 406 799
1 208 488
2 837
1 366 633
2 507
1 491 918
1 438 762
1 221 175
1 549 182
1 925 412
1 901 469
2 907
2 126
1 690 367
2 656
1 4 92
1 537 732
3 53 531 219 665
1 570 479
1 766 117
3 517 5171 118 414
3 411 4111 529 536
1 528 247
3 551 5511 121 113
1 444 645
3 775 171 892 191
1 324 550
1 770 860
3 699 6991 510 320
1 114 694
1 807 924
1 94 187
1 402 582
1 784 7
1 827 880
3 604 6043 778 8872 903
1 151 416
1 522 130
1 933 605
3 262 2622 219
1 789 733
1 605 510
1 344 774
1 899 997
1 579 657
1 632 158
1 117 647
2 225
3 704 7041 989 968
1 79 778
1 736 664
1 750 450
1 156 114
1 82 386
2 657
2 470
1 891 116
1 976 348
2 892
1 396 951
3 898 8981 783 497
2 58
1 389 694
1 755 162
1 96 855
1 751 673
1 958 425
1 155 180
1 666 719
1 809 574
2 545
3 82 821 754 580
1 412 873
1 180 498
1 291 723
1 911 121
1 210 999
3 345 3453 703 8511 383 812
1 64 330
1 357 646
1 729 602
1 559 417
1 929 575
3 216 2161 852 446
1 553 705
1 176 162
3 4 43 140 1401 162 343
1 90 996
1 873 127
3 854 8541 288 892
1 601 242
1 111 560
1 726 357
2 338
2 755
2 87
1 951 521
1 256 652
1 576 47
1 482 858
1 968 919
2 925
1 160 253
1 887 167
1 497 242
3 935 9351 643 811
2 595
1 254 829
1 591 142
2 663
3 648 6481 999 318
1 636 286
3 793 7931 439 937
3 347 9671 612 46
1 274 334
1 308 849
1 843 926
1 860 647
1 135 546
1 301 912
1 326 546
3 741 7412 560
1 130 84
1 552 419
1 744 472
1 369 701
3 515 5151 914 737
1 199 835
3 566 5661 416 242
1 701 96
2 392
1 269 225
1 498 671
3 291 2911 131 853
1 480 140
1 46 468
3 721 7211 320 949
1 195 328
2 865
3 808 8081 671 852
1 338 996
2 121
1 417 401
1 880 672
1 508 712
2 954
1 706 273
1 680 538
3 618 6181 363 190
1 34 357
1 330 189
2 942
1 971 534
1 909 192
2 922
1 774 201
1 942 637
1 192 453
3 883 8831 134 726
3 746 7461 184 750
1 512 71
3 525 5253 433 4331 463 120
1 299 751
1 853 702
1 688 235
1 514 774
1 707 909
1 523 644
1 371 470
1 835 103
1 919 787
3 88 881 990 788
1 201 530
1 225 483
1 71 377
1 745 137
1 50 267
1 333 564
1 622 744
1 397 522
1 352 317
1 346 985
1 959 378
1 187 878
1 136 982
3 82 821 625 861
1 318 790
1 791 423
1 658 922
1 166 897
1 367 631
1 202 694
1 530 566
1 237 244
1 183 159
3 642 6421 453 578
2 151
1 787 160
1 380 306
3 51 513 73 731 377 113
1 817 71
1 755 81
1 838 458
1 712 57
1 42 471
1 244 59
2 712
1 370 882
1 471 349
1 517 20
1 446 431
1 586 266
2 396
1 9 182
1 185 46
2 34
1 889 515
3 165 1653 956 9561 515 452
1 481 413
1 334 518
1 62 214
1 802 35
1 698 878
3 411 4111 582 954
1 578 70
1 392 585
1 922 373
1 872 74
1 75 617
3 105 1051 300 461
1 829 165
1 896 243
3 899 9972 734
1 104 218
1 675 413
1 844 923
1 428 270
1 812 921
1 113 412
1 776 336
1 734 839
1 127 424
1 10 459
1 219 80
1 138 547
1 719 464
1 511 863
1 431 517
1 424 620
1 769 141
2 517
3 553 5531 979 944
2 558
1 507 429
1 517 254
1 349 17
1 228 5
1 452 610
2 338
2 726
3 556 5561 657 973
1 518 452
1 425 545
1 385 226
1 429 83
1 620 755
3 977 9771 593 776
2 111
3 974 9741 220 245
1 413 228
1 423 776
1 897 367
1 639 682
1 253 12
1 801 572
2 639
1 295 858
1 513 185
1 263 511
2 859
1 336 582
3 327 3271 546 696
1 954 969
1 761 992
1 969 409
1 684 387
3 493 4932 571
1 281 636
1 311 30
1 466 613
1 177 700
1 450 383
1 589 873
1 545 269
1 810 397
1 468 819
2 854
1 316 750
1 165 451
1 409 441
1 905 911
1 790 544
1 819 66
1 80 547
3 493 3061 441 87
1 87 275
1 340 780
1 702 684
1 488 292
3 333 3331 275 6
1 631 408
1 447 646
3 718 2331 12 391
1 52 702
2 431
1 16 891
1 36 182
1 462 18
3 665 1143 825 8251 119 295
3 348 3483 934 9341 669 207
2 905
1 151 471
1 910 814
1 279 587
1 693 790
1 611 750
3 380 4931 996 170
1 587 214
1 431 689
2 861
3 394 3941 121 435
2 864
1 741 954
1 499 907
3 91 911 538 224
1 580 251
1 610 683
1 683 635
1 635 676
1 613 855
1 170 694
2 165
1 560 42
1 569 242
1 89 390
1 822 356
2 559
2 48
1 207 127
3 836 8363 602 7291 893 337
3 352 1771 641 33
2 296
1 99 901
1 469 640
1 157 6
3 602 6021 132 443
1 640 668
3 13 131 568 370
1 882 918
1 29 799
1 918 196
1 764 18
1 294 899
1 289 611
1 454 132
1 923 435
1 544 910
1 224 34
1 92 573
1 296 14
1 960 755
1 196 251
2 593
1 391 328
2 702
1 251 771
2 695
3 67 671 974 356
1 915 74
1 737 801
2 354
1 364 398
1 312 338
3 856 8561 401 222
1 752 795
1 519 928
1 904 950
1 928 148
3 908 9082 352
1 148 753
2 609
1 437 560
1 753 504
1 102 656
1 504 738
2 780
3 706 7061 793 243
1 599 874
1 70 988
1 435 82
1 350 909
2 153
1 941 454
2 453
1 712 308
1 459 360
3 164 1641 453 705
2 255
1 414 314
1 731 956
3 548 5482 159
3 364 1721 261 885
3 164 1641 705 839
1 726 597
1 165 846
1 788 77
1 903 128
3 853 8531 76 84
1 777 665
1 639 314
3 497 7831 656 66
3 602 6021 443 757
1 48 515
1 7 369
3 342 3421 757 101
1 964 561
1 101 583
2 575
1 762 231
1 621 130
3 913 9131 830 279
1 158 864
3 109 1091 854 802
1 354 539
1 864 836
2 196
1 950 453
1 196 259
1 259 97
1 60 333
3 602 6461 163 836
1 252 375
2 288
1 97 468
1 93 25
1 992 113
2 324
1 25 396
3 143 1431 422 240
1 760 104
1 725 336
1 190 629
1 153 950
2 463
1 396 805
1 555 622
2 787
1 521 81
3 783 7831 805 304
1 551 987
1 781 170
3 142 5841 247 667
1 304 947
1 787 776
1 947 711
1 806 952
1 711 559
3 706 7062 172
1 235 77
3 927 9271 559 939
1 939 278
2 120
3 625 6251 278 57
2 936
3 91 911 43 575
1 575 666
1 464 883
1 883 395
3 594 4761 500 405
2 284
3 587 6021 730 276
2 710
1 360 444
1 276 262
1 382 346
1 457 539
3 673 9312 251
3 264 5441 710 917
1 324 917
1 917 403
1 877 906
1 403 422
1 267 760
1 240 406
2 309
3 744 651 142 999
1 502 190
1 799 749
1 749 55
2 335
1 34 354
1 451 864
1 55 728
3 460 3421 728 618
1 780 645
1 618 286
2 845
1 128 193
3 94 943 89 891 888 641
1 251 920
1 920 178
1 178 85
1 85 463
1 112 531
1 329 559
2 933
3 724 7241 463 490
1 216 133
1 490 706
1 458 196
3 125 1252 943
1 273 58
1 58 821
1 878 865
1 197 942
1 821 793
3 762 8243 393 3932 764
2 27
1 243 77
3 78 781 77 209
1 848 3
2 87
1 87 626
1 124 142
1 209 877
1 906 721
1 557 148
2 541
2 910
1 767 549
3 317 9301 831 563
2 807
1 563 551
1 987 385
3 560 4712 135
3 247 4972 704
1 837 982
1 539 468
1 226 723
1 152 891
1 123 226
1 338 953
1 953 591
1 910 236
1 236 154
1 554 537
1 164 105
1 154 735
3 185 7981 470 212
2 426
1 735 292
1 994 549
1 292 708
1 708 179
1 179 912
1 108 78
3 477 4941 764 644
1 912 868
1 868 2
2 530
3 313 2501 193 56
1 56 936
1 936 1000
3 951 282 289
3 357 9721 1000 319
1 863 748
1 748 95
1 188 944
1 95 760
2 409
1 724 957
2 346
1 409 765
1 346 259
1 218 966
1 966 64
1 933 383
1 335 944
2 580
1 634 901
1 520 45
1 629 687
3 99 6681 792 29
2 927
1 916 669
1 561 670
1 189 239
1 287 919
1 580 332
1 449 248
1 973 839
1 332 358
3 32 323 467 4671 358 735
3 628 6282 621
1 442 405
1 239 659
1 659 265
1 265 857
3 970 9701 857 139
2 556
2 179
3 603 1182 549
1 179 915
1 592 44
3 806 9521 743 689
1 388 493
1 74 3
3 527 5271 3 912
1 139 804
1 804 704
1 704 203
1 203 352
1 352 327
1 327 11
1 11 371
1 212 649
3 216 2161 649 983
1 983 806
1 68 486
1 952 979
1 944 957
1 957 991
3 486 4861 991 554
1 732 427
2 37
1 427 616
3 850 4101 616 808
3 235 7932 633
1 808 88
1 172 796
1 871 852
1 88 426
2 901
2 76
1 37 519
3 996 9961 426 341
1 845 796
1 455 317
1 796 407
1 407 489
3 789 5942 897
2 877
2 646
1 489 204
1 573 723
1 204 720
1 720 653
3 662 6621 653 758
1 758 528
1 646 58
1 877 520
1 45 68
1 238 8
3 462 531 486 492
2 112
1 633 939
1 492 907
1 907 661
1 541 951
1 661 234
3 350 8461 461 439
1 234 430
1 430 173
1 173 736
1 664 400
2 189
1 189 505
1 505 139
1 670 73
1 530 308
1 73 21
1 206 415
1 415 496
3 455 5671 496 756
2 743
2 912
1 756 329
2 222
1 912 965
1 120 545
2 462
3 84 5221 965 37
1 462 115
3 630 9713 544 6131 115 742
1 285 72
2 668
1 742 722
1 722 967
1 571 905
1 905 289
2 104
1 289 359
1 359 465
2 289
2 162
1 686 424
2 990
1 289 731
1 956 193
1 63 685
3 791 7911 840 976
1 886 501
1 104 456
2 402
1 456 384
1 384 252
1 78 74
2 442
1 375 417
1 434 280
1 222 98
1 98 347
2 720
1 558 61
1 61 800
3 285 101 800 842
1 763 63
1 842 986
1 986 865
1 865 717
1 717 857
2 786
2 512
3 729 8231 720 326
1 696 978
2 104
1 104 696
2 776
3 422 1451 978 897
1 282 802
1 897 776
2 578
3 859 8591 776 645
1 512 144
2 247
2 510
1 144 660
1 660 894
3 954 4981 894 985
3 140 3691 985 323
2 173
1 323 552
1 692 125
3 188 1391 549 56
1 76 615
2 400
1 615 982
1 982 432
1 337 883
1 432 247
1 247 171
2 195
1 593 185
1 171 490
1 173 322
1 322 527
1 527 924
3 334 551 924 578
3 131 8531 578 585
1 585 199
1 162 604
2 552
3 478 1511 552 664
1 402 386
1 400 159
1 159 937
2 828
3 433 4811 604 538
1 937 685
1 685 975
1 975 627
1 627 524
1 828 339
1 213 862
1 862 619
1 619 682
1 682 376
1 137 362
3 683 591 376 581
3 466 1611 581 943
1 943 277
1 277 818
3 437 3721 818 150
1 122 771
1 150 963
2 199
2 114
1 963 834
1 638 515
1 901 133
1 195 805
1 126 419
1 199 948
2 169
1 948 980
1 651 267
3 53 9811 980 13
1 13 617
1 588 687
1 169 532
1 271 493
1 532 24
1 24 977
1 977 509
2 832
1 861 983
1 509 125
1 125 853
1 702 112
2 737
1 112 737
1 737 592
2 191
2 287
1 44 174
1 174 270
2 250
3 266 7091 270 149
3 517 9711 149 474
1 191 912
3 151 3041 474 260
1 260 668
2 489
1 489 607
3 381 3813 487 6393 562 5622 120
1 668 164
3 238 2382 278
1 27 30
2 87
1 278 272
3 810 8103 352 2913 57 572 341
2 292
1 272 663
1 510 162
2 219
3 629 6871 663 535
3 850 8502 44
1 44 227
3 456 3843 282 2823 218 2183 363 3633 881 8812 80
1 292 463
2 696
1 227 62
2 69
3 407 471 250 554
2 300
1 341 1000
2 389
1 305 659
3 502 3632 396
3 348 1911 396 826
2 142
3 868 8681 696 902
3 416 9603 410 8223 762 7622 581
1 581 487
3 567 6072 729
1 826 211
3 563 7623 606 6762 680
2 425
1 211 219
1 219 681
2 708
1 8 375
3 264 2643 913 7733 157 1572 996
1 681 786
2 373
1 786 531
3 223 2233 1 13 569 52 247
1 531 542
3 487 7913 33 6412 405
1 287 614
2 940
3 783 7831 614 473
2 132
1 132 484
3 745 9722 117
1 373 876
2 977
1 405 900
2 961
3 220 2201 876 89
3 18 5872 941
1 941 463
2 520
1 425 975
3 916 9162 301
1 520 998
3 39 393 101 9142 557
1 998 572
3 897 9553 131 7023 802 8543 105 1743 187 1872 138
1 247 647
3 654 6543 844 8443 290 3702 497
1 655 657
3 163 1632 572
1 977 5
3 981 9813 577 5773 177 1773 495 4952 526
2 615
3 254 9681 615 837
2 963
1 572 557
1 557 879
2 950
1 879 465
2 637
1 465 626
3 217 8102 811
1 950 811
3 600 6003 613 1612 610
2 914
1 811 859
1 610 801
3 873 9222 765
1 859 632
3 916 9162 538
3 72 8973 564 891 765 38
3 184 4833 652 2563 230 2303 969 9693 723 43 349 3493 363 3632 70
2 366
1 38 389
2 277
3 439 4391 389 604
1 538 138
2 539
1 138 277
2 605
1 277 747
3 670 4152 906
1 747 514
2 802
1 142 547
3 261 2612 267
1 637 565
3 372 3723 143 5563 716 7163 683 6833 246 2463 336 7253 911 9112 444
1 565 50
3 661 712 875
1 267 550
2 188
1 550 497
3 350 3502 159
1 497 184
2 761
3 937 4391 284 818
3 388 3882 473
1 159 542
3 481 4812 193
1 539 360
2 266
1 193 966
3 493 3882 427
3 60 601 473 807
2 956
1 807 762
2 403
1 427 157
2 569
1 956 940
3 506 9362 580
1 940 729
3 434 4342 552
1 552 199
2 501
2 84
1 729 945
1 945 843
3 521 5213 309 3092 601
2 478
2 777
1 501 245
1 245 641
3 895 8951 266 534
2 60
3 49 491 87 51
2 383
1 403 106
3 49 2732 341
3 424 5891 188 114
2 572
2 218
1 114 796
3 677 6771 572 806
2 466
1 383 69
2 93
1 478 293
2 647
1 69 773
3 818 2842 243
3 25 4001 875 646
3 609 6093 112 1122 837
1 243 420
2 599
1 420 373
2 116
1 116 943
3 921 8273 508 5082 73
2 174
1 837 608
1 608 288
2 824
1 288 856
2 176
1 556 722
3 312 3122 293
2 103
1 856 349
3 429 4231 293 80
3 588 5883 160 1602 316
1 80 445
3 270 2703 822 8223 177 1773 354 5392 828
1 445 337
2 575
1 832 609
3 548 5203 86 862 380
3 823 8233 443 4431 828 792
2 151
1 580 996
2 970
1 996 595
3 579 6573 545 5453 820 8203 720 3263 112 523 931 4762 406
2 754
1 93 449
1 754 316
3 190 3632 767
1 316 990
2 693
1 990 466
3 193 5772 486
1 117 463
3 111 1113 933 9333 409 8403 736 7363 686 6862 635
3 678 9221 466 714
3 844 8442 404
2 402
1 714 798
2 857
1 761 827
1 248 835
2 473
2 785
2 423
3 457 4573 736 7361 381 692
1 785 396
1 473 169
3 314 6633 820 9973 18 2792 714
1 440 510
2 710
3 964 5611 714 879
3 381 6923 112 1313 161 4953 20 5012 618
1 618 360
2 431
1 444 580
3 526 5263 570 1452 202
1 595 343
2 553
1 345 147
3 65 653 529 4132 765
1 765 308
2 302
1 609 182
2 130
1 431 68
3 359 7823 605 6052 546
1 486 70
3 40 402 969
1 857 13
2 57
1 70 797
3 829 8383 844 8442 417
1 797 388
2 790
2 370
1 380 670
1 533 366
2 760
1 73 946
2 4
1 575 255
2 398
1 255 743
3 678 8682 212
1 743 914
2 92
1 914 632
2 305
1 103 767
2 159
1 767 368
2 16
1 130 984
2 393
1 402 676
2 231
3 655 6552 431
1 431 507
1 596 252
3 457 4573 72 722 310
3 369 71 423 990
3 537 7402 490
1 710 716
2 934
2 379
1 716 824
2 362
1 824 298
1 490 960
2 1
1 790 599
2 189
1 599 970
3 594 4763 791 7912 12
1 379 777
2 737
3 342 583 889 8891 777 755
2 332
1 970 808
3 416 263 143 5562 634
1 341 763
2 118
2 784
2 278
1 12 109
1 109 209
3 136 1361 16 709
2 411
3 776 9783 871 8711 15 779
2 967
1 404 310
2 726
1 310 915
2 157
1 726 957
2 590
1 600 797
3 579 6553 225 9322 89
3 540 5401 89 911
2 481
1 870 333
2 614
1 157 363
2 270
3 616 6161 278 472
2 242
3 94 941 590 478
2 589
3 932 5273 520 811 614 868
3 934 9342 849
