1 8 68
1 90 26
1 63 74
1 94 67
3 54 541 54 19
1 46 77
1 53 31
1 33 71
1 81 5
1 45 50
2 46
1 97 67
1 85 63
1 91 69
1 74 82
1 98 8
1 7 94
3 55 551 3 53
1 61 48
1 89 98
1 46 41
2 33
1 56 48
1 5 65
1 31 93
3 28 281 47 20
1 26 41
1 12 17
1 38 69
1 10 58
2 90
1 100 83
2 94
2 56
1 69 81
2 38
1 88 8
1 68 49
2 54
1 2 87
1 71 31
2 61
1 35 37
1 60 41
1 40 18
1 42 72
1 90 57
1 93 94
1 64 20
1 70 72
3 76 761 95 92
2 91
1 17 53
1 73 94
1 94 82
1 82 24
2 98
3 59 591 24 20
1 20 87
1 72 60
1 87 48
3 88 881 48 10
3 84 843 64 641 58 60
2 81
1 41 22
1 75 94
1 50 77
3 93 712 87
1 44 17
1 65 68
1 98 16
1 28 13
1 18 59
1 57 76
1 23 39
3 7 71 87 58
1 22 11
2 3
1 92 50
2 89
1 27 6
1 11 8
1 38 20
1 13 100
1 25 6
1 19 66
2 26
1 76 73
1 6 79
2 94
1 67 76
3 38 853 27 253 7 71 29 61
1 49 77
3 22 81 94 51
1 26 20
1 79 84
1 77 56
2 46
2 18
1 39 80
1 9 56
1 96 73
3 82 471 62 60
3 70 701 56 86
2 5
1 86 33
1 33 76
2 93
1 83 77
1 80 88
1 51 5
2 12
1 43 58
1 61 51
2 98
1 5 54
1 54 46
1 32 2
1 46 17
1 93 37
1 37 19
1 78 99
2 49
2 71
1 66 8
3 82 851 49 27
2 29
1 84 12
1 12 36
1 36 89
3 90 901 89 98
3 23 231 98 14
1 14 71
2 86
1 71 83
1 86 59
1 59 3
3 63 373 61 611 3 69
1 81 30
1 30 34
1 34 1
2 93
1 1 51
1 93 29
1 29 78
3 74 632 20
1 20 27
2 54
1 54 55
2 39
1 55 40
3 61 612 78
1 18 15
2 47
1 15 39
2 49
1 49 45
2 65
2 45
1 78 50
3 34 291 39 52
2 39
2 71
3 62 601 39 60
1 45 47
3 65 653 40 293 63 633 61 422 69
3 32 321 47 46
3 44 442 51
3 22 59