3 48 481 10 61
1 6 63
1 63 57
1 61 39
1 21 30
1 91 68
3 31 311 85 41
1 11 81
1 62 76
3 32 323 11 113 29 291 68 70
1 45 50
1 39 64
1 12 20
1 17 68
2 61
1 25 87
1 5 25
1 81 2
1 89 41
3 99 991 73 39
1 98 62
1 76 2
1 70 100
2 17
3 99 992 25
3 77 771 41 74
1 43 16
1 83 27
3 86 863 55 552 12
1 18 37
2 63
3 83 272 11
3 42 421 36 94
1 99 84
1 3 38
1 25 44
3 66 661 13 72
1 15 23
2 68
2 13
1 42 95
3 43 431 27 29
2 43
2 73
1 54 62
1 47 45
1 9 67
1 31 38
2 3
1 63 85
1 13 45
1 53 90
2 99
1 2 83
1 75 87
1 14 98
1 74 15
1 29 39
3 33 331 100 67
3 42 421 8 55
1 94 19
1 23 13
2 39
1 67 42
1 11 83
3 40 401 68 54
1 37 51
1 4 50
2 29
3 85 852 53
1 51 54
1 26 80
3 74 472 21
1 44 13
3 32 321 49 45
1 29 26
3 8 551 20 73
2 54
1 50 92
1 3 44
1 88 19
1 52 69
1 95 69
2 10
1 93 1
1 87 29
1 80 72
1 54 70
1 69 34
3 52 521 53 54
3 37 372 94
2 4
1 38 27
1 34 33
1 92 62
3 35 351 30 50
1 72 99
1 43 54
1 99 79
1 79 39
1 73 95
1 21 18
2 68
1 1 40
1 64 31
1 39 90
1 90 35
2 67
1 35 59
1 60 98
2 69
2 79
1 79 56
1 56 20
1 19 41
1 69 96
3 93 931 78 36
1 61 8
3 63 63 70 371 96 46
1 46 33
1 77 18
2 49
1 94 11
1 33 7
3 4 41 55 62
1 67 2
1 7 22
1 22 57
3 4 41 24 7
1 57 12
1 84 52
1 12 97
1 97 39
1 59 4
2 83
1 40 83
1 4 13
1 83 82
2 97
1 97 25
1 82 16
3 49 492 83
1 83 82
1 16 71
2 61
1 71 91
2 2
1 2 40
1 68 10
1 10 61
1 61 48
2 99
1 48 99
3 42 792 71
1 71 10
2 39
1 99 32
3 53 373 52 563 87 273 56 243 63 632 74
1 32 41
3 31 642 61
1 61 19
2 15
3 90 4