1 5 77
1 96 12
3 93 931 62 64
3 3 33 18 181 64 63
1 14 31
1 29 71
3 85 851 19 27
3 100 1003 58 581 87 59
1 16 59
1 21 86
1 55 49
3 5 771 34 60
1 53 16
1 42 50
2 62
1 31 33
2 64
1 68 4
1 50 17
1 84 29
1 12 70
1 77 28
1 71 38
1 95 57
1 88 54
1 35 39
1 54 9
1 62 56
3 85 851 20 41
1 81 61
1 17 59
1 26 11
1 8 84
1 52 5
2 20
1 7 81
1 25 18
1 38 15
1 86 1
1 61 66
1 39 23
1 97 89
1 98 100
3 35 351 59 15
1 91 61
1 72 42
2 95
2 55
1 22 91
1 95 32
1 2 47
1 23 90
1 63 18
2 50
1 32 88
3 6 61 89 8
1 100 62
1 70 27
3 74 741 50 71
1 47 65
1 46 24
1 15 94
1 60 92
1 4 83
3 58 581 94 66
1 56 17
1 66 43
1 18 43
1 11 64
3 67 672 100
1 27 46
3 63 631 43 4
1 76 65
1 83 78
1 24 58
2 31
1 100 73
1 78 10
1 20 95
1 10 44
1 44 100
1 73 49
1 75 65
1 9 25
1 49 11
1 64 41
1 58 69
3 92 341 69 63
1 82 78
3 79 791 41 45
1 45 76
3 46 192 96
1 65 90
1 90 6
3 7 73 97 973 26 262 9
1 6 80
1 57 87
1 48 61
2 17
3 2 21 93 28
3 30 301 80 79
3 55 551 92 8
1 79 14
1 99 36
1 28 17
3 68 683 20 203 70 691 31 13
1 17 95
1 13 62
1 9 99
1 36 55
1 55 37
2 52
1 37 96
1 96 52
1 52 86
2 61
1 1 81
2 39
1 61 39
3 60 923 18 143 35 352 7
2 91
1 39 7
3 83 821 7 67
3 42 422 12
3 25 251 30 73
3 60 82 24
1 67 40
3 48 482 79
1 40 70
3 26 262 100
2 59
1 24 97
1 100 64
3 96 773 68 582 68
1 85 44
2 22
1 79 53
2 94
1 59 40
2 62
2 38
1 38 91
2 70
1 3 55
2 80
1 62 64
1 80 42
2 85
2 78
1 70 8
1 78 41
2 21
1 91 51
2 69
2 28
2 50
1 51 11
2 71
1 71 30
1 50 77
1 28 15
2 4
1 94 25
