1 9 64
1 91 12
3 74 743 34 341 37 16
1 33 98
1 16 66
1 80 85
1 18 52
1 50 73
1 89 65
1 73 13
1 5 12
1 44 49
1 98 44
1 49 70
2 98
1 57 14
1 52 50
2 91
1 12 32
1 92 55
1 71 93
1 46 19
2 46
1 13 88
2 52
1 52 2
1 4 38
1 70 66
3 18 181 77 24
1 14 94
1 2 100
3 27 271 35 30
1 60 63
1 10 92
1 8 30
3 34 341 66 95
1 97 29
2 13
1 84 36
1 42 77
1 95 75
1 100 46
1 17 89
3 90 903 18 181 61 90
1 19 11
1 55 56
1 90 84
3 22 221 45 10
1 36 56
1 38 94
3 93 931 34 8
1 53 82
2 89
1 87 13
1 63 81
1 99 36
1 13 35
1 23 84
1 29 73
1 86 100
2 4
1 96 31
3 78 781 75 78
3 57 571 74 40
1 93 83
2 73
1 6 43
1 15 83
1 30 97
1 98 3
2 93
1 56 46
1 83 51
1 51 50
1 11 49
1 46 37
1 48 37
2 13
1 78 29
1 73 79
1 26 59
3 44 441 79 53
2 75
1 94 4
3 80 801 75 14
1 32 20
1 4 98
1 47 43
1 3 60
1 85 93
1 81 31
2 44
3 8 83 45 453 5 52 92
1 21 1
2 74
1 13 64
3 64 91 92 71
1 20 90
1 43 67
1 31 82
3 5 201 54 22
1 93 25
1 82 68
1 59 95
3 2 21 68 71
2 51
1 22 96
1 89 2
1 25 7
1 76 72
1 7 15
1 51 39
3 54 541 39 69
1 69 88
1 88 43
1 67 44
1 44 62
1 62 72
1 72 27
1 27 24
1 24 28
2 19
3 98 291 28 1
2 92
1 1 45
2 10
1 41 73
2 61
2 28
1 28 87
2 93
1 64 79
1 93 61
2 66
2 49
1 66 51
3 99 991 61 74
3 22 543 23 232 27
3 33 951 74 62
2 78
1 27 78
3 5 52 66
1 66 44
3 52 182 14
3 65 651 78 26
3 5 53 99 992 27
3 40 401 10 4
3 17 172 77
1 27 91
2 44
1 91 78
3 97 302 70
3 28 301 14 69
2 47
1 44 47
3 29 453 13 873 18 182 20
1 20 34
2 36
1 47 36
3 98 963 18 183 13 342 87
