1 45 13
1 82 46
1 39 87
1 29 26
1 98 45
1 2 35
1 62 30
1 26 34
1 69 79
1 85 98
1 94 92
1 90 5
1 88 30
1 49 51
1 32 12
1 56 35
3 69 691 24 25
1 34 67
3 11 111 83 82
1 44 16
1 64 15
3 43 431 16 4
1 67 30
1 46 49
1 93 20
1 92 7
1 30 54
1 72 84
1 58 85
1 70 90
1 74 93
1 13 37
1 1 94
2 29
1 68 58
1 20 76
1 5 40
1 42 82
1 51 72
2 32
1 41 94
3 70 701 61 96
1 21 26
2 72
1 60 25
1 52 29
1 86 21
1 4 23
1 96 8
1 43 27
3 28 281 54 46
1 35 13
2 56
1 66 88
1 76 27
1 19 74
3 48 482 67
2 2
2 69
2 82
2 96
1 27 39
2 70
1 14 26
1 40 25
1 37 18
3 91 911 48 36
1 87 40
1 8 39
1 89 4
1 12 3
2 76
1 97 88
1 18 69
1 69 61
1 67 30
1 7 45
2 45
1 45 76
2 13
1 53 2
1 77 51
2 42
1 72 53
1 80 32
1 25 66
3 99 993 5 902 35
1 2 41
1 76 83
1 82 3
1 3 69
1 59 95
1 73 90
1 96 95
1 31 83
1 13 97
1 95 15
1 15 48
1 36 80
3 56 561 91 61
1 32 28
1 28 57
1 57 52
3 60 243 62 621 29 11
3 63 631 11 50
2 86
1 50 10
2 43
1 10 89
1 23 86
1 86 84
1 33 55
1 84 100
3 13 981 100 99
1 99 75
1 75 47
1 47 33
1 55 78
1 70 50
1 78 43
2 30
1 43 67
1 63 37
1 30 81
1 81 22
2 62
2 7
2 59
2 91
1 22 7
1 7 38
3 49 492 67
1 67 60
1 38 91
2 55
1 91 95
3 58 681 55 56
1 56 6
1 6 71
2 4
1 4 23
2 53
1 53 59
2 82
1 59 30
3 46 543 12 33 54 543 54 542 14
1 71 20
3 69 872 51
1 82 49
2 68
3 80 971 51 9
2 41
2 15
1 15 16
1 9 17
3 90 732 18
2 10
1 17 52
1 10 41
2 51
1 51 14
2 83
2 91
2 81
1 41 27
3 63 632 6
3 12 121 81 33
3 51 491 6 91
2 16
1 91 95
1 16 76
3 13 133 71 713 54 46