1 65 4
1 27 65
3 64 641 52 31
1 17 70
3 57 571 95 53
1 46 5
3 3 31 79 11
1 35 100
1 98 78
1 59 49
1 80 92
1 67 16
1 24 91
1 9 14
2 98
1 55 49
1 40 54
3 15 151 21 28
1 7 81
1 4 59
1 49 19
1 25 79
3 71 711 22 14
1 12 21
1 6 91
1 53 16
1 41 29
2 67
1 84 3
1 86 36
1 100 11
2 35
1 54 34
1 14 53
1 82 78
2 84
1 92 99
1 60 69
1 10 2
1 20 89
1 91 5
2 6
1 42 16
3 1 12 7
1 23 25
1 34 11
1 11 1
2 25
1 29 97
1 7 95
1 56 20
2 21
1 35 69
1 38 55
1 16 10
1 89 44
3 20 561 76 24
1 19 100
1 2 50
1 28 51
3 40 401 15 10
1 33 71
1 69 18
1 1 53
2 79
1 50 6
1 62 36
2 69
1 13 29
1 58 83
3 74 742 54
1 48 69
3 77 771 81 98
3 85 851 83 56
1 5 3
2 42
2 15
1 36 31
1 72 6
1 44 46
3 25 251 98 87
3 55 551 3 100
1 69 66
1 97 62
1 26 99
3 22 33 80 801 66 95
2 35
1 68 44
1 6 40
2 34
2 76
1 88 94
2 59
1 87 16
1 54 4
2 50
1 50 76
1 30 9
1 74 59
1 31 80
2 36
1 76 73
1 73 28
1 51 61
3 58 891 36 74
1 39 86
1 61 32
1 32 84
1 84 8
1 77 96
1 59 1
2 46
1 15 10
1 8 82
1 94 32
1 99 33
3 43 431 78 90
3 9 91 90 75
1 75 23
1 46 69
2 36
3 56 833 81 811 25 71
1 71 86
3 9 141 96 60
1 36 45
2 9
1 45 57
1 57 9
2 59
2 95
2 30
1 9 46
3 93 931 42 73
3 84 283 3 381 59 2
1 95 37
1 63 13
1 30 93
1 37 17
1 70 34
3 24 381 34 30
1 93 18
2 84
1 67 94
3 94 673 92 522 22
2 34
1 34 74
1 21 9
2 100
2 49
2 9
1 100 50
1 84 43
1 43 13
2 73
1 73 67
2 20
3 31 521 9 64
3 55 383 85 853 100 693 16 653 41 412 65
1 64 93
2 86
1 18 31
3 79 793 85 853 19 192 57
1 86 45
3 11 11