1 98 97
1 45 92
3 10 101 52 5
1 86 9
1 63 69
1 42 87
1 19 68
1 41 1
3 64 641 15 16
1 68 98
1 76 40
2 76
3 51 511 21 16
3 6 61 96 39
1 27 96
1 49 59
3 78 781 40 55
1 89 10
1 79 71
2 21
1 69 76
2 98
1 16 64
1 64 32
2 63
1 5 92
1 28 34
3 52 521 53 49
1 91 17
3 65 651 32 27
1 55 100
3 60 601 92 60
3 41 412 42
1 63 26
1 82 8
1 54 92
1 62 56
1 100 22
2 15
3 91 911 43 37
1 58 57
1 7 55
1 59 35
1 34 93
2 89
3 47 471 90 81
1 94 30
1 93 27
1 29 96
2 62
1 22 91
1 70 52
1 17 26
1 48 33
1 39 87
1 26 10
3 40 401 87 98
1 76 83
1 35 24
1 60 98
1 6 42
1 98 61
2 7
2 70
1 83 53
1 13 66
3 36 361 3 72
1 1 26
1 70 65
1 81 74
1 61 50
1 9 13
1 78 39
1 75 47
1 51 49
1 24 15
1 74 58
1 50 90
2 63
3 69 691 95 24
2 19
2 58
1 33 68
1 58 72
1 57 44
1 20 48
2 28
1 72 15
3 27 783 38 381 21 92
1 42 28
1 15 37
1 71 28
1 63 48
1 37 9
1 97 61
1 44 52
1 8 34
1 80 49
1 66 75
1 47 42
2 17
1 28 73
1 11 97
1 17 67
1 73 18
1 18 77
1 77 55
1 67 85
1 85 1
1 10 12
1 12 23
1 99 53
1 23 25
1 25 30
3 27 321 30 31
1 31 46
1 46 19
1 19 7
1 84 81
2 39
1 7 88
3 36 363 86 861 88 89
1 89 38
3 57 573 57 573 48 592 52
1 38 82
3 60 603 33 332 22
2 43
2 63
1 39 66
1 22 70
3 74 601 65 44
2 13
1 13 64
3 69 692 45
1 52 45
2 99
2 81
3 33 872 1
2 84
1 81 51
1 1 82
1 45 56
1 56 36
2 89
1 4 70
2 73
1 73 52
3 83 273 53 783 69 693 94 943 16 162 23
1 36 99
3 11 113 67 742 57
1 99 94
3 54 503 62 622 58
3 69 691 89 58
2 36
1 36 63
3 86 862 87
2 33
1 63 62
2 71
1 62 88
1 58 23
2 13
