1 38 47
1 100 1
3 28 281 23 75
1 45 6
1 41 50
1 64 7
1 20 82
1 74 51
1 47 12
3 38 381 53 85
1 13 82
1 93 6
1 58 44
1 30 50
1 82 29
1 66 13
1 8 96
3 64 641 19 88
3 42 422 47
3 59 592 82
3 24 241 42 9
1 10 24
1 96 86
1 80 10
3 96 961 32 33
1 7 81
1 78 59
1 11 76
2 42
3 100 1002 80
1 92 24
3 34 341 59 66
1 34 32
1 39 97
1 50 93
1 6 3
1 48 24
3 8 83 85 531 24 7
1 75 89
1 44 86
2 10
1 27 23
1 61 40
1 62 12
1 82 96
1 29 70
1 60 94
3 27 271 2 53
1 5 44
1 81 37
1 16 36
1 71 43
1 86 79
1 15 51
1 21 48
1 4 50
3 21 923 68 682 81
3 95 951 79 94
1 81 34
3 40 403 92 921 90 59
3 38 471 1 20
2 74
3 1 661 14 38
1 54 62
3 12 622 54
1 49 92
1 12 78
2 49
3 30 301 94 25
3 25 51 40 63
1 25 65
1 33 11
1 89 9
1 91 19
1 88 81
3 62 591 76 53
1 3 91
1 36 88
2 64
1 65 17
2 36
1 84 59
1 55 35
2 20
1 85 1
1 20 57
1 56 55
1 57 44
3 12 121 17 69
1 9 1
1 47 51
3 93 21 22 75
1 35 37
1 69 54
1 64 88
1 54 56
1 37 36
2 5
1 36 98
1 98 18
1 18 70
1 70 73
1 73 42
1 52 30
1 63 88
1 42 74
1 97 33
2 100
1 74 67
1 67 5
1 5 46
1 26 62
1 46 14
1 51 77
3 84 261 77 95
1 43 28
1 83 80
1 95 31
2 17
3 48 451 17 80
1 31 59
2 38
1 80 28
2 86
1 86 5
3 22 223 40 402 22
1 38 43
3 70 373 8 82 19
2 65
3 51 511 28 87
1 10 57
3 69 692 52
1 87 45
3 97 322 48
2 3
3 55 691 3 68
1 68 65
3 90 263 47 473 8 82 20
1 65 11
2 28
1 28 89
2 58
3 31 132 10
1 20 19
1 19 10
2 37
2 20
1 20 52
3 81 632 47
1 52 47
1 10 48
3 60 943 83 803 49 492 56
2 41
1 47 54
1 56 58
2 61
1 58 21
