1 63 39
1 54 11
1 67 8
1 48 84
1 5 76
3 28 281 69 9
3 12 121 71 89
1 100 84
1 6 48
1 49 74
1 8 31
1 2 91
3 66 661 11 99
1 46 25
1 4 68
1 82 18
1 7 21
1 87 65
1 76 87
1 68 97
3 88 883 7 71 75 37
1 65 13
1 13 95
3 61 611 66 18
3 79 791 21 97
1 84 88
2 65
2 82
2 8
1 18 57
1 56 28
1 8 77
1 62 70
1 89 40
1 14 62
2 68
2 13
1 74 39
1 40 92
1 97 8
2 89
1 89 54
1 88 58
1 26 13
1 65 78
2 21
2 5
2 14
2 62
2 54
1 80 67
1 21 18
1 16 78
1 78 29
3 34 341 27 40
1 68 47
1 28 47
2 49
1 3 42
2 8
3 48 481 38 43
3 41 411 73 20
1 29 15
1 8 93
3 11 111 15 20
1 91 34
1 13 74
1 96 75
1 19 32
1 47 46
1 52 95
1 51 67
1 86 32
1 42 21
3 36 361 79 29
2 3
1 43 24
1 22 53
2 18
1 20 99
1 18 97
1 64 73
3 89 712 88
1 88 77
1 5 2
1 57 29
1 93 44
2 20
1 44 96
3 38 431 20 74
2 69
2 76
2 11
1 39 47
1 25 35
1 35 66
1 32 29
2 39
1 37 81
1 39 10
1 30 97
1 77 94
1 10 93
1 58 32
1 36 47
3 56 562 86
2 16
1 81 72
1 90 88
1 72 33
1 94 93
1 33 41
3 20 192 6
1 41 82
1 17 65
2 87
2 56
1 82 91
1 34 43
1 24 3
1 3 69
1 54 16
1 85 73
2 38
3 4 281 92 71
2 94
3 48 841 69 98
1 94 4
1 98 31
3 42 71 31 50
1 50 86
1 86 6
1 6 22
2 81
3 48 461 53 1
1 1 27
1 81 24
3 74 201 16 11
2 73
1 11 64
1 73 60
1 38 33
1 60 87
1 87 55
1 55 12
3 74 203 39 783 41 722 40
1 40 62
1 62 76
1 76 9
1 9 73
1 12 99
1 99 14
1 61 75
2 52
1 14 45
2 64
1 45 49
2 41
1 49 52
2 97
3 5 51 52 71
3 31 153 57 573 82 822 96
3 82 431 96 47
3 79 583 50 372 87
1 64 97
3 43 432 85
1 97 33
2 54
