3 77 771 70 89
1 66 81
1 4 24
1 79 53
1 52 73
3 43 431 63 14
1 80 51
1 24 43
1 56 20
3 83 831 6 99
1 36 100
1 54 70
1 1 66
1 89 44
1 87 69
1 85 89
1 51 73
1 8 71
1 18 15
1 44 97
3 74 741 97 98
1 59 74
1 95 71
1 78 96
1 14 29
1 17 99
1 83 16
1 43 65
1 10 81
1 12 50
3 46 461 61 100
1 99 11
1 68 82
2 66
1 29 47
2 59
1 86 52
3 35 351 81 67
1 98 73
1 55 4
1 32 28
1 35 46
1 49 44
1 16 99
1 82 24
1 90 69
2 79
3 33 331 84 61
3 13 131 47 6
1 5 70
2 6
3 80 801 65 16
1 73 68
1 57 73
1 15 47
3 84 841 46 5
1 67 74
2 4
1 71 41
1 11 96
1 96 75
3 3 32 49
1 33 48
1 39 54
1 20 71
1 75 10
1 26 36
2 52
1 60 100
1 50 23
1 58 22
1 48 84
1 19 40
1 66 70
3 95 953 88 881 28 95
1 79 64
3 80 511 38 52
1 74 18
1 6 37
3 80 801 13 12
1 41 16
2 86
1 37 91
1 91 7
1 7 31
1 23 64
1 31 90
1 69 77
1 100 52
1 77 60
1 52 88
1 22 62
1 88 4
3 35 352 7
1 45 85
1 7 4
1 4 40
3 56 561 40 49
3 54 393 57 571 2 33
1 49 93
3 25 251 93 3
1 3 21
2 70
3 98 731 42 34
3 95 321 21 66
1 70 23
1 62 75
1 64 76
3 89 971 76 53
1 53 42
1 34 92
3 44 752 3
1 92 6
2 76
1 3 25
3 65 903 73 513 73 893 45 453 85 413 90 873 85 242 18
3 58 621 18 30
3 35 353 22 222 34
1 25 5
3 45 453 19 482 12
1 30 15
2 10
1 76 11
2 96
1 96 59
2 47
1 59 75
3 69 923 6 72 15
2 55
1 10 81
2 20
2 93
1 12 57
1 93 50
1 15 34
2 25
1 34 86
3 90 902 44
1 86 85
2 22
1 44 3
3 46 462 44
1 44 9
3 27 272 86
1 86 55
3 85 453 1 13 20 563 46 353 85 853 68 262 37
1 55 9
3 92 923 21 212 67
2 70
1 37 73
1 9 69
